Layer:
	Neuron:
	Neuron:
	Neuron:
	Neuron:
	Neuron:
	Neuron:
	Neuron:
	Neuron:
Layer:
	Neuron:
		Gate:
			0.24177754474144408
			1.0729216257202148
			0.060435950105852565
			-0.5601676331901456
			0.8822672205950135
			0.10290482761031966
			-0.14433126083116646
			-0.36584202772532054
		Gate:
			0.4574595166243822
			0.19040700713894682
			-0.1381640927786221
			-0.3013900584782545
			0.7029033665281568
			-0.3382661704887671
			-0.17221234622685622
			0.5146432071636728
			0.7151209809483676
			-0.6168592408491154
			-0.06440121639012845
			0.2954107774577288
			-0.5678741327327266
			-0.2599458639040666
			0.887294260497601
			-0.9128965029863285
			-0.6986426269745739
			0.43794435147548605
		Gate:
			0.3121985118649422
			-0.29439088111889866
			0.8128740067537331
			0.2551876816919287
			0.28234613832459876
			1.0357785533309123
			-0.8211817115480426
			-0.013569317815112947
		Gate:
			0.21043824807168443
			-1.0022020151081867
			-0.0157723659708542
			0.5963869611889894
			0.07111060807166814
			0.5696615771361837
			0.5124984224054681
			-0.3779753711839029
			-0.42138552773892424
			-0.8305968753568438
			0.11677076994718043
			0.33804879443460234
			-0.5720488697812514
			-0.35536442139875507
			-0.8352776958261642
			0.9279600484790467
			-0.9022344471944684
			-0.9130067945931788
		Gate:
			-0.34304057252562936
			0.09203116507050019
			-0.3876011319582107
			0.9320591397822146
			-0.9148940562831531
			-0.6425713561102246
			0.7337264887425966
			-0.16998366049058472
		Gate:
			-0.19999375125267416
			-0.8309645703937723
			-0.3533341122505691
			0.04418743398435321
			-0.7544873747129144
			0.4279094036552416
			-0.5482913410691046
			-0.5416622453861706
			0.16850729285793126
			-0.02807488061136136
			-0.18496672422518873
			0.6680835114528452
			0.3438586198415743
			-0.0557329585718946
			-0.7324957818046898
			-0.29788243250570007
			-0.659272604380076
			-1.789403004663001E-4
		Gate:
			0.28561761101710004
			0.7797246112376784
			-0.32681203054546043
			0.17866062331378596
			0.06196658455798043
			0.12483789107812368
			-0.5348539379726686
			-0.3404956344855845
		Gate:
			-0.44417565006231685
			0.30900843182368215
			-0.328614022470677
			0.7298342922956103
			0.3813849306923901
			0.9512806904044963
			-0.95639511118658
			0.1658816491295636
			0.2599607427681402
			-0.82831239682161
			-0.08415669109516243
			0.7527661194991088
			0.6460911800938528
			0.3769593821099737
			-0.26128337742128604
			0.04488127780094854
			-0.3319128517369329
			0.5918303456426055
	Neuron:
		Gate:
			-0.8891479374459264
			-0.30384226492701066
			-0.5375035649043989
			-0.5113165824139323
			-0.4415923441119922
			0.08445009618686704
			0.29430475595340416
			0.5477648991005313
		Gate:
			0.5275391196820459
			-0.9184458691749711
			0.7249164643631145
			0.4729143271580555
			0.6554102483695519
			-0.1692326356509014
			-0.7304125883993541
			0.13978349354613392
			0.606970130794
			-0.9905813932858731
			0.5104458454386599
			-0.7981432316199537
			0.7232436252652744
			0.09252042385491177
			1.0471537124697297
			-0.7933946471069475
			0.30583897638207436
			0.30585341182847425
		Gate:
			-0.971629787339554
			0.38116932508073154
			-0.6693143943516049
			-0.47493657234159126
			-0.7482407708472756
			0.4425481551467099
			0.9428302751845049
			-0.6390670950516253
		Gate:
			0.3099395703353717
			0.8589940341620533
			-0.9821688102123286
			-0.9327843593705157
			0.2514113017434444
			0.26464423409721344
			-0.7950551120469438
			-0.5350500763543636
			-0.1319953531472962
			-0.16338511005921907
			-0.4735031151026337
			-0.5349371681456834
			0.2662874497756291
			0.9210777847974958
			0.5695808859395523
			0.5957736563924287
			-0.6986453635285171
			-0.36748135114611263
		Gate:
			0.056631051600269086
			0.38176583801699165
			0.9863101273501977
			0.5260773148296795
			-0.8162532082649729
			-0.290199128862316
			0.5518181811939524
			0.8464263412496497
		Gate:
			0.7707854594415786
			-0.2642075478629754
			0.3993979985754422
			0.46987910967473673
			0.3724509513451476
			0.18986259709304742
			0.4689567584077055
			-0.025632122765444132
			0.6598855096915147
			0.125035362972327
			0.8934064119696278
			0.7921444069645793
			0.23318829293283777
			-0.9139405426892342
			-0.6260015221759887
			-0.07635592049206741
			-0.15459115451932373
			0.32384830202537707
		Gate:
			-0.4536668293530955
			-0.7846805973699387
			-0.13799617394928454
			0.5821676350752361
			0.6802061728906318
			0.32607173620367536
			0.2604532282636536
			-0.90254781056437
		Gate:
			0.9050184434131101
			-0.416973025828952
			0.013604735909719862
			0.6882127172605007
			-0.27859039553054044
			-0.0698791049425698
			0.46284207225963275
			-0.6860458025662104
			-0.7570903331003038
			0.955237639528248
			-0.8946478189911717
			0.4582054606103021
			0.48743773724168854
			-0.2020803516156781
			0.15825008487512152
			0.35563355982139067
			-0.01588802905480286
			0.6492955939930389
	Neuron:
		Gate:
			-0.3053585231202906
			0.062282193414660236
			0.4604398734737999
			0.17102782167080055
			-0.8292140233522454
			-0.9978191416479336
			-0.3113515795007654
			0.20716876392095815
		Gate:
			-0.5939830400916598
			0.8340655548903546
			0.1973556887277237
			-1.0889026332930443
			1.0645839244715951
			-0.9965615632178507
			0.9529673629590557
			-0.3368506501929571
			-0.9700439830818987
			-0.6354455698925527
			0.2488500087903235
			0.6805467468500493
			0.7719797411063974
			0.5304823205889428
			0.0038600869143703143
			0.7064157764888466
			-0.4567714480985969
			-0.44814507423912814
		Gate:
			-0.705515317220247
			0.11509771698560384
			-0.9334611685248818
			-0.676862671236134
			-0.3818021359992694
			0.6960525595312819
			-0.22286153555980923
			-0.8634028199417423
		Gate:
			-0.45923835346336084
			0.8612323697011375
			-0.18007886754782454
			0.4647416604758872
			-0.2713811618077808
			-0.7877979625000634
			0.48242554698510687
			-0.009436608128364124
			0.12337548288048228
			-0.12486367846298951
			-0.48401444728775495
			-0.13932736919049893
			0.7929480919857975
			-0.9766502707383247
			-0.4013814502239918
			-0.9025215542320066
			0.8785285415981583
			-0.8200003012187854
		Gate:
			-0.6768586721757789
			0.6631144580637293
			0.7815419680755082
			-0.8562072674101248
			1.0021824826957988
			0.4358741321148681
			1.0276172540308532
			-0.7419583997762712
		Gate:
			-0.688041123138166
			-0.0011833698531278358
			-0.4914924402655735
			-0.3100606074634362
			-0.9014127179292247
			-0.40614018113108286
			0.9357216658233987
			-0.2364931914588852
			-0.031800071211677675
			-0.5283529726696419
			0.03892034931225166
			0.5520547821133723
			-1.0428448378413266
			-0.23213183435794352
			0.7218073861212845
			0.005850340782329377
			-0.2611434102093412
			-0.018734686504546978
		Gate:
			-0.6094695257809295
			-0.2372240448596435
			0.498411027413389
			-0.7880677256408208
			-0.9247136801289808
			-0.8253171198228628
			0.850703020049551
			-0.9510992770272958
		Gate:
			0.5338451763932954
			1.0833083307939773
			0.9420990520633044
			0.47939529355892174
			-0.982344594719462
			-0.46061202721189326
			0.9143933012932097
			-0.6630333239715529
			-0.568751130150821
			0.5042598562187672
			-0.18396044449710602
			-0.9653871129566396
			-0.23166510783213226
			-0.5553992230005365
			-0.583044910374166
			0.9637034078560093
			-0.37748458556860554
			-0.5680113927628059
	Neuron:
		Gate:
			0.34033494360666644
			0.031977576694365586
			-0.6144410869571595
			0.8861437292323734
			0.4327099606984808
			0.3116035695273434
			-0.19360270153191014
			-0.6244800485003071
		Gate:
			0.04617973727269143
			0.32148573885982656
			0.7171483392849716
			0.23949919225132427
			0.4743036435326654
			0.03796622870901287
			0.5188970702815731
			-0.753428130944338
			0.6420493532760397
			0.7265503159864091
			0.6792445142113802
			-0.6836878252447272
			0.5520274578865572
			-0.9056885440616129
			-0.34592287141758404
			0.19724801116304458
			0.8719700844813897
			-0.9987727703170246
		Gate:
			-0.0187657396769334
			0.8438236854090393
			-0.32488115099457454
			0.17157822046734886
			-0.6667041727787126
			-0.6197897789779071
			-0.17640578312983457
			0.26480330132719687
		Gate:
			0.6992230648265181
			-0.4478236703567993
			0.7285589099913186
			-0.86785718213893
			0.3645246967773827
			0.8613409357962473
			-0.8193396068509915
			0.07935291748693629
			0.6750187413774061
			0.15318085977569912
			0.9900457129162671
			0.570446723456162
			-0.18546790163956944
			0.4190317015812715
			0.30419916771862854
			-0.5642348236855561
			0.9769304029081278
			0.2414665012780816
		Gate:
			-0.7311299705558573
			1.068606745720888
			0.7085147141696042
			0.3481653631862316
			-0.8769395450775116
			0.3284724148959558
			-0.6755262809502327
			0.6006211127728007
		Gate:
			-0.30762619287082216
			-0.9521594441916159
			0.7830249736252224
			-0.16463853398174222
			-0.7720794039273177
			0.7327867396218577
			-0.5258319674059964
			0.35228031020184936
			-0.23060151059422285
			0.9336855337257889
			0.4679771924776934
			0.2245177972526031
			0.36855295692981754
			-0.005936071979940477
			0.8022269966551173
			-0.5012285073379539
			0.7206329191719043
			-0.42009900841446846
		Gate:
			0.7927041149438213
			-0.7627592330525109
			-0.9347339485421414
			-0.17489960374190783
			0.5750641945290992
			-0.17519888895458907
			0.08020697399167823
			0.3651074373192893
		Gate:
			-0.35996028273803404
			0.40617259086500385
			-0.20149270452577142
			0.37451174435246287
			0.1634737515834838
			-0.19411260065031252
			0.8906537944457216
			0.918585874392373
			0.7988184111566338
			0.3943125588594725
			-0.694915760653849
			0.4218255213230664
			0.604343239031261
			-0.5970967484523958
			-0.4150778484150468
			-0.86430396336714
			0.08086178224570396
			0.2167145002390085
	Neuron:
		Gate:
			0.940193181466948
			0.0296907573107148
			-0.7540693817438155
			-0.7013378928778712
			0.1271016600051104
			-1.0454857410021656
			-0.7218588739593196
			0.8777226216762914
		Gate:
			-0.7951766932647211
			-0.530179615966403
			-0.23462880056496124
			0.6356534644566092
			0.8999071981172847
			-0.4382055816112784
			0.18099964823260978
			0.6999551861640068
			-0.18299579856733839
			0.31967602274570284
			0.5074467689827129
			-0.6989905986748051
			0.5780414201492459
			0.9091852854049712
			0.1807336397528001
			0.2546105226840758
			0.5471911770613621
			-0.2451595613937611
		Gate:
			-0.3953768550738251
			0.5696159324405059
			-0.2755799111127719
			0.8277253615948316
			0.8488748196594609
			0.30239824589007624
			-0.48210641067801857
			0.529391671605801
		Gate:
			-0.11126806982291727
			0.4765923880188444
			-0.9362537139153762
			0.4395545727956476
			0.19684594599207922
			0.5071629607400143
			0.5777617966127078
			0.025490659694159493
			0.967602943862832
			-0.4512404908159513
			-0.17313486290797453
			-0.18876664850945235
			0.8821767321708747
			-0.5694033261784346
			0.04000417207775375
			0.8959970613296293
			0.5801823493059963
			0.09464889179491665
		Gate:
			0.8077492324070423
			0.5089225239489819
			-0.3901926600286474
			-0.8962161474804335
			0.35308262119805556
			0.8454038020135666
			0.2635757544684598
			0.7864743647287962
		Gate:
			0.2537754639533809
			-0.3473745938585038
			-0.5594322296573673
			0.6121844885740898
			0.42515606476409795
			-0.45870591315363546
			0.5978446923663183
			-0.8258698868042158
			-0.7729456459937416
			0.5727665439709132
			0.610705253013293
			-0.3944614713793708
			0.5509109144069839
			0.7413301250338908
			1.1268095868027956
			0.5081215787586925
			-0.9104205031085135
			-1.0950114593853877
		Gate:
			0.17570192728816736
			0.02997664450549682
			0.19537340531087666
			-0.2374375830644428
			0.017460111304153397
			-0.6068386891766487
			-0.9025240394891534
			-1.0901515776189035
		Gate:
			-0.26404492382210837
			-0.7962868768438338
			-0.4567395510807561
			0.7975216979384823
			0.8866053664896232
			0.9940866380163397
			0.24492397486401926
			-0.8816362887849278
			-0.7698266060473704
			0.5635601732541857
			0.14081345661121808
			-0.7504935827348974
			0.7585562184949667
			-0.19503065899171557
			-0.5562940096792373
			0.5813588309144985
			0.6785704919856669
			0.027148135370415986
	Neuron:
		Gate:
			0.429187582674587
			0.08549980384478077
			0.9190574482236843
			0.5919975518799435
			0.6045372581606046
			-1.0814159328011665
			-0.4124697784863028
			-0.4906302857826007
		Gate:
			0.3373576505919415
			0.9618315615921972
			0.8990807688355115
			-0.6439985461563787
			-0.8113834117693325
			0.014673522154393874
			-0.9360817541222676
			-0.8705851101573552
			-0.12287724714477456
			0.5963718483805369
			-0.7697720282916278
			-0.9158265867284894
			0.5331196501135034
			0.3172850063152537
			0.21146203050811585
			0.4996243304396109
			-0.7943696220669619
			-0.5824376169633372
		Gate:
			0.6502978310214584
			-0.5592171296119225
			0.9534482086661755
			0.7177185554225635
			-0.4380439993531332
			-0.12515446028600238
			0.3323632275933068
			0.7915156792861316
		Gate:
			0.9949910890830165
			-0.9504295525151614
			-0.40232477211828466
			0.1447889364722147
			0.7370975557564653
			-0.8233873894166399
			0.887474090154557
			0.458864236745854
			-0.2808629497900177
			0.589379022372847
			0.6522979864003404
			-0.5466921585833322
			-0.569417842650375
			-0.7413680244263121
			0.06751644349720247
			0.7933372368100549
			0.673781252756104
			-0.21893598097587913
		Gate:
			0.3092577257170916
			-1.0535769400779262
			0.12404501648016505
			0.3544994772900876
			-0.2884779074654862
			1.0073062234744112
			-0.7614159019425457
			0.3913240640279478
		Gate:
			-0.7884268915998579
			0.6994077993009173
			-0.07220181284253813
			-0.45131944079461317
			0.19115408387670146
			0.19590828604969213
			0.08598482592264142
			0.5098655215246839
			-0.44935750094585286
			-0.32321258475939096
			0.47820260928180036
			-0.02592905014657263
			-0.44389030314788974
			0.05035457762688973
			0.7977234182363263
			-0.29426859400136546
			-1.0462736809417699
			0.6005271792181114
		Gate:
			-0.5886290776630023
			0.30407729013946416
			0.4834144910575797
			-0.16740992684954936
			-0.4506759392140746
			-0.6073989205102657
			-0.408583145026624
			-0.4747752686000736
		Gate:
			-0.30515189278335664
			0.4076456097096392
			-0.3352254980357835
			0.6040999611213711
			0.49589993766034957
			0.5126808990453028
			0.09015677950571976
			-0.7229689186787442
			-0.9504468493540651
			0.13235578079185326
			-0.7198076483107301
			-1.0291647382339868
			-0.16360692436296198
			0.9079972062920051
			0.20009255130987172
			0.7406814827775917
			-0.6188349269484322
			0.9721965277691392
	Neuron:
		Gate:
			-0.9164410863234913
			-0.9941905198471308
			-1.0205620521023062
			-0.5876262754572353
			-0.2599140326761762
			0.4585459992766378
			0.7891797873561472
			-0.7242599672447549
		Gate:
			0.9428611462412746
			-0.13503640671212017
			-1.1935447433444142
			-0.7991816837132217
			0.10686361246497889
			-0.7322971586469487
			-0.18336616722625004
			-0.424139908711459
			0.36253002710928406
			-0.6058915827624921
			-0.9515498516160215
			-1.0520801353203886
			-0.48417831683105766
			0.904588399967766
			0.5230337741848423
			-0.836905169254907
			0.564688244412111
			-0.864782198453295
		Gate:
			-0.03897568364501487
			0.3124327764403051
			-0.47998186001306165
			-0.4906614873453727
			-0.25496158966491056
			0.1538287153291641
			0.37916656684637695
			-1.0952330824731857
		Gate:
			-0.9317570581181446
			0.1456420086670181
			-0.5688768759385271
			-0.6665829516672779
			0.23436717233762877
			-0.5124818511273577
			0.14322703449666627
			0.21212501817171212
			0.35569600088275916
			-0.9379390233018562
			-0.7441164787477894
			-0.8067190483144313
			0.9941907833733585
			0.644742379038919
			-0.8602923940436619
			-0.6371169475367917
			-0.4002573990018107
			-0.6720785022421959
		Gate:
			0.3608586873651354
			1.1335110445000407
			-0.7653368461986512
			0.24200442089638985
			-0.5325895700865453
			-0.780868366978898
			0.7679866534463177
			-0.8992012510827423
		Gate:
			0.23737087805847995
			-0.43356295355087593
			-0.7821317990178054
			0.4633229600136388
			-0.9192064855757935
			0.7559618464258487
			0.35816089333014345
			0.8826068565778937
			-1.023128240473556
			-0.3234975325459063
			0.3334897139141034
			0.6807479307572349
			-0.026622633330340397
			0.5654005320095026
			0.44089579343901963
			0.8191606046096508
			-0.9382225286124831
			0.7663367511004786
		Gate:
			0.5287753176096572
			0.8792385381534086
			0.1018562395603254
			-0.42188372150328524
			-0.008977133004481597
			-0.6904433795974736
			-0.7940272171362179
			0.017158445552147433
		Gate:
			-0.24047037416029673
			-0.10690608187495472
			-0.09742419952678846
			0.025629135906584756
			-0.046482659179059194
			0.484872402603435
			-0.2745993709135519
			-0.2782004853840423
			-0.29714665026543496
			0.58581941251877
			0.13406659652284336
			-0.8389570203258785
			-0.6916728719093219
			0.8076648693243509
			-0.7946317057363104
			0.2225581606471857
			-0.3623552804643837
			-0.2010223802775422
	Neuron:
		Gate:
			-0.8632087031943179
			0.6986515707948739
			-0.6249410044487653
			-0.25103166232775675
			-0.8370071990698462
			0.514593720380887
			-1.0982628835930515
			-0.9615505760949026
		Gate:
			0.8759828572752468
			-0.4404044199364747
			-0.4588839206881279
			-0.1740300351873362
			0.5740939893411032
			-0.3036194733808247
			0.5802503722256311
			-0.846194966639819
			-0.7315807574815424
			-1.0119968260776335
			0.8794423133062206
			-0.04733730669201939
			-0.6160199892009913
			-0.5517679219522219
			0.43788434120083297
			0.5737838966310752
			-0.8868541016742002
			0.6462747205340582
		Gate:
			0.48192293322679175
			-0.14507407358464997
			-0.947770707403033
			-0.028901088194874747
			0.7734345492528215
			0.4902024031593342
			0.016389843913468316
			-0.692074748861137
		Gate:
			0.9657703630367106
			0.38651741390166183
			-0.9929932202130447
			0.13832199388888777
			0.3120329492845752
			0.3354182896605675
			-0.2107816902978928
			0.10496936920879185
			-0.9043378529396761
			-0.9249474690779838
			-0.6636155687158815
			0.5221980299435547
			0.1104292149031183
			0.5072135384525465
			1.0172452232239397
			-0.31526738186469777
			0.8615870864366428
			0.7196982889768566
		Gate:
			0.5546193038872743
			0.5901073201851366
			-0.7124227758420003
			0.15086546397535064
			0.43774569484352543
			-0.7312324101694694
			0.2978835193219973
			0.2003783580670636
		Gate:
			0.7741317603708852
			-0.9614105539924407
			-0.7471427838916107
			-0.6610614832092618
			-0.11529603849566492
			0.4669631478237888
			0.6306990892646887
			-0.9077338582095806
			0.8113972006516039
			0.23873676992243845
			1.0504158922165217
			-0.7301676354832372
			-0.37108411133413044
			0.4203760446075291
			0.6488100750337732
			-0.025335259508907047
			0.7512773234487462
			0.008030018193686858
		Gate:
			0.44098373854806905
			1.2107940492713047
			-0.16725910240937852
			-0.11498973739895488
			5.3678258735608E-4
			0.11292373129696397
			0.8921253015170301
			0.42905474062638826
		Gate:
			-0.550492046148023
			0.8638946112513064
			0.8161762517583085
			0.3929773053903858
			-0.7294648954489613
			0.8997199292420606
			0.8422597891044873
			-0.3004845841569694
			-0.08420072661161582
			0.3246985996283529
			-0.4188048503579389
			-0.5780187011100364
			0.6023481245700573
			-0.585310951681872
			-0.9414108650862101
			-0.3777818054333239
			0.5125987412854704
			0.24073360442068342
	Neuron:
		Gate:
			-0.5382548187357687
			0.47574186437255495
			0.7933407998117763
			-0.24386359691529158
			-0.6750931061096458
			-0.061410466009576385
			-0.41712773107257844
			0.9867528409765361
		Gate:
			-0.3587380769718941
			0.2315852604027258
			-0.7326525987142659
			-0.4517465831687759
			0.871995809065532
			0.33441953171779193
			-0.8728870674881046
			0.8134853462249225
			0.33167274593139545
			0.8377399861026896
			-0.5968649497198952
			-0.8125047312856777
			-0.8315477798337697
			0.3184559564859375
			-0.1990681477165422
			-0.632345477893345
			0.32586406034076865
			-0.9216751041990643
		Gate:
			0.36361395896918
			0.3740625810005863
			-0.8940012857912387
			-0.46115912770994855
			0.07412255552962166
			0.27821081213780124
			0.8652376758467877
			0.8667096646561615
		Gate:
			-0.9190372256754753
			-0.5292009554928262
			0.03248401758736212
			-0.4860899576268014
			0.5887830779961257
			-0.6464312863417826
			0.37593198610076417
			0.5635645702236411
			0.8398709299607086
			0.378697297983835
			0.0803504391934657
			0.6279045871138208
			0.0615894986958953
			0.7752626433933065
			0.15650715056890332
			0.001430800522138842
			0.3346214550397623
			-0.4595137824053871
		Gate:
			0.9087423472716605
			-0.2766410939276754
			0.3144291140851302
			0.13923786250906028
			0.681191095988695
			-1.02076030823905
			-0.8648461382869912
			-0.465059819345636
		Gate:
			0.5267546425124334
			-0.21742733679445433
			-0.5581477226392736
			0.1773792847393378
			-0.3054433889932996
			-0.33689052311586215
			-0.07453638279153005
			-0.9884478293834533
			-0.6153815152816771
			-0.49451016291126243
			0.09069061212383062
			-0.6253291168789407
			-0.03646873720255657
			-0.1800803055186277
			-0.31673078701525054
			0.8345491899334314
			-0.9777668381771949
			-0.3535006981389298
		Gate:
			0.9125181794498749
			0.1005683730248467
			0.39010021529256966
			0.8154383874954446
			-0.15566566549919572
			0.41627987391885946
			-0.5970581277483032
			-0.22626271025195097
		Gate:
			0.09906833998646386
			-0.342937246081144
			0.016753749900765724
			1.0105822177449126
			0.09158287306422168
			-0.8212774579069189
			0.3006234766726332
			0.461087297754022
			1.0150462227224595
			-0.7957825497058805
			-0.061608014145206495
			-0.5715085707770801
			-0.6298189357089635
			-0.709798305426427
			0.3137467654214574
			-0.8971127863319884
			0.13357689066850742
			-0.687264534590012
	Neuron:
		Gate:
			0.5994746414926031
			-0.9324734969341117
			0.5677444195057919
			0.8372308429101654
			0.15410780347093223
			-0.3509499508338017
			-0.23214884830566085
			0.902847504331419
		Gate:
			-0.9951875897336504
			0.8511779501229546
			1.0218917128666498
			0.7968143819572348
			-0.9337884478942634
			-0.6450017841220267
			-0.6747224680814604
			-0.5518912085879487
			-0.5927654912345055
			-0.4642987669737335
			-0.8987858172698102
			0.12161870794983531
			-0.1287753490338195
			-0.6187597335551659
			0.9544570025301538
			-0.7235108147951943
			0.6322594632256104
			0.09033101136677542
		Gate:
			0.142551598229495
			-0.18599568648101705
			0.5508078787424837
			0.682962537491952
			0.49776615420712655
			0.7355847053339223
			-0.3372766725340033
			-0.8393832492819632
		Gate:
			-0.9378678969949961
			-0.870558629328558
			-0.2638045199635807
			0.07040986943200907
			0.3246650116269656
			-0.8426483705790695
			-0.45151515104135553
			-0.2419313757249919
			-0.5063430162390194
			0.6745358191581445
			0.8903497701482237
			-0.3170064174023514
			-0.7733511447044829
			0.5780595733287338
			-0.7018168981445824
			-0.8505439363384022
			0.05658826933124433
			0.20115150004872498
		Gate:
			0.447176352790407
			0.13122171209510716
			-0.7973375594705732
			-0.19803309923353568
			-0.3158749189706601
			-0.7248763911975037
			0.29688283598817017
			-0.23506824726405096
		Gate:
			0.44412363856481896
			0.32766800448699135
			-0.6935547575966441
			-0.5186310171108431
			-0.17497964670847566
			0.1153048462515466
			0.5791729051222883
			0.1253191095939685
			-0.7202609063982323
			-0.5279626449299815
			0.5422994695400541
			0.6184962443565107
			0.8731125140265652
			0.6274825319515727
			0.500111035771159
			0.7534967177186975
			0.6890124493912857
			0.29031909558659963
		Gate:
			-0.648199201887161
			-0.4830602341306777
			0.7644825842404908
			0.11926100094836584
			0.9341443664095539
			0.7881939464449282
			0.37635001944913915
			0.6245409856917692
		Gate:
			-1.057802761833953
			-0.5999517099755879
			0.005607768099257296
			-0.8729906630850843
			0.8916631065275319
			-0.4304843019844892
			-0.25673998535313924
			-0.03966285545356976
			0.4522784504674057
			0.33699679440487873
			-0.016963241691652618
			0.7763323668775043
			-0.7244062492049179
			-0.7730078631101136
			-0.12121495831363549
			-0.9892641769807327
			0.07028809027159685
			0.4965979399421917
	Neuron:
		Gate:
			0.548962097172151
			-0.10341108577357572
			-0.7185266678941271
			0.8758571406006719
			-0.8459790813221065
			-0.8170120834613473
			0.12423662731428885
			0.7117080198077492
		Gate:
			0.9386142372054089
			0.7567791204940366
			-0.06131519173522203
			-0.5710656717302883
			-0.760875298958673
			-0.17037827028262192
			-0.1818680668765341
			0.6033438726729602
			0.5953200180267618
			0.36277981281189314
			0.9702994110390118
			-0.59804334291605
			0.7392435071840617
			0.6482909522517671
			0.9309729636699071
			-0.6469545373142486
			0.45671780748847485
			-0.20103994349383575
		Gate:
			-0.38101514078038545
			0.2038590684512595
			0.5762484177530542
			-0.10199176271340052
			0.6715321011831794
			-0.8217426339719419
			-0.04365999935157476
			-0.6900045942179373
		Gate:
			-0.318156897346802
			-0.2847041063842894
			-0.539028247480994
			0.13757426227874517
			0.9795478311757534
			0.13558969845393165
			0.17496776282762516
			0.8949697036033445
			-0.6959188141507118
			-0.699435351704405
			0.9551997354309011
			0.8190659351274994
			0.9382997549610138
			0.07347075473587683
			-0.16111360578013523
			0.030395568220053695
			0.8907491609807431
			0.8890607826004037
		Gate:
			0.6441501473729432
			0.8995139150184867
			0.4045031951355379
			-0.4758734505059673
			0.4655803614573908
			-0.4059787644569754
			0.8452276167995262
			-0.02651647333758142
		Gate:
			0.02175306039525633
			0.8131953510022437
			0.1088667824105584
			-0.8271537707584278
			0.2484195470698835
			0.5826280085339798
			-0.2071893139189949
			-0.4788283570943084
			0.5643312901202453
			-0.925810866476394
			0.40788817372184466
			-0.6865547696511769
			-0.7272487740330909
			-0.48663663849998995
			0.4607796148887009
			0.45271426701418266
			-0.4562352613106004
			-0.7760226713680989
		Gate:
			-0.5201083998720012
			-0.2957866551537992
			0.6290051231463635
			0.9278244368668386
			0.7577232906189267
			-0.507440158107586
			-0.7262812938817659
			-0.8363379762201273
		Gate:
			0.06522094389387119
			0.49293240473221256
			0.400848668631286
			-0.9484209832240493
			0.5878310264921577
			0.7046760141270991
			-0.9038180909859594
			-0.10565932390927227
			-0.5410217350821365
			-0.294974514325342
			0.7801441421897206
			-0.07356231406498304
			0.2632584301062563
			0.5557997376250261
			-0.9251562259265456
			0.42933059341428775
			0.13041113179158784
			-0.9989231782733028
	Neuron:
		Gate:
			-0.45017488601968
			0.13073380601709061
			-0.5901993670136995
			-0.5408529368851511
			-0.7395857216103203
			0.36440687630996504
			-0.20502871510063708
			0.42585670683802
		Gate:
			-0.4209743767500165
			0.0026799047868203557
			-0.1921817943620125
			-0.7974696789889542
			-0.08078518560945953
			-0.28023878655976553
			-0.7941136376743194
			-1.0259768318359355
			-0.5081438882206873
			-0.3380419772947565
			-0.597433935668327
			-0.992260856661933
			0.9592443052214314
			-0.7604632994646163
			0.49626211487547606
			0.25952458071777373
			0.10010689810920334
			0.5907642436455257
		Gate:
			-0.07475871137346521
			-0.8042664465233886
			-0.06395734415736916
			0.6798132716867399
			-0.563502396573253
			0.798027595277211
			0.18762956926785657
			0.775293037135722
		Gate:
			0.9517759168527105
			-0.49234682270015584
			-0.8475639864217781
			-0.256451444647616
			0.5008167527678817
			0.655497948127908
			0.7995410823528354
			-0.1726942025986532
			1.0298629678216538
			0.7185073786819132
			0.15748229931420865
			-0.7486397406099919
			0.7604409027275125
			0.10867364776675584
			1.042042068804108
			0.04368164295883273
			-0.3369220979320786
			0.5274950156853668
		Gate:
			0.751003648528291
			0.864608248784118
			-0.824394328591335
			-0.044866203902728746
			-0.5270977011064706
			0.7244007793374502
			-0.26840278082076446
			-0.8754718837227005
		Gate:
			-0.3769639688814647
			0.7344892984970859
			-0.0049091163516248315
			-0.14300086978647555
			-0.17455014300663343
			-0.8086824539272743
			0.8854049315327112
			-0.4143712986074849
			-0.11862539984435763
			-0.35911702735601664
			0.774414357196793
			-0.5830771466507314
			-0.12140446418634077
			-0.2363467960809773
			-0.39995635596641554
			-0.7974417692040725
			0.5886315664211599
			-0.021478079458849164
		Gate:
			-0.10235880992517643
			0.33378710475754236
			0.7750907836636607
			-0.6844394062294886
			-0.7437456913393927
			0.6462216208383611
			0.5977468052805112
			0.44239527889846636
		Gate:
			-0.5667175675040699
			-0.8237579748201238
			-0.17013508378933556
			0.955833584756406
			0.6392436091541318
			-0.6956018510276367
			0.13903707512792113
			0.24681890658587713
			-0.7051186450044726
			-0.4402960298124639
			-0.5806824211841992
			-0.6437853332414475
			-0.7283682077707369
			0.6424110302720293
			0.3910987383205655
			0.29876774908482007
			0.40679256163490024
			-0.9532359401728898
	Neuron:
		Gate:
			-0.2116313039048875
			0.6594780072243467
			-0.8180813431233365
			-0.3566444591133425
			0.8393460800108608
			0.2487498760085795
			0.15235952919719087
			0.9244347214376895
		Gate:
			-0.7064395565003699
			0.14339728668874652
			-0.010158038063282637
			0.1188014626148226
			0.6149277919419812
			0.5113929149718878
			0.7410528352459759
			-1.0976186618798964
			0.14492951075431043
			0.40924564368816563
			0.4526635965135266
			0.705011743514445
			0.5938656811905673
			-0.0959298582573918
			0.8297067719780912
			0.7663474593661505
			0.9355981632485977
			0.9729949749742836
		Gate:
			0.37942944099678033
			-0.10525509388520304
			-0.8556940625745785
			-0.48261616400834306
			0.9753525054539042
			-0.13417920672880485
			0.27922548683981085
			-0.4294465633011962
		Gate:
			0.7924659119378055
			1.0901434933566985
			0.010813834355518567
			0.8013844263224532
			-1.0454310321869462
			0.6618649426381787
			-0.1519829177156278
			0.47135097822527505
			-0.3141107050632358
			0.24576480304453616
			0.7720676911824098
			0.5605253367286462
			-0.16864139174664453
			-0.5418683456908713
			0.8262887379793981
			-0.6677270346860364
			0.7226988338558842
			-0.4972122826813788
		Gate:
			0.3956527232071212
			-0.886931886260418
			-0.9986517878982482
			-0.7659484554762934
			-0.42618793179430076
			0.3192427916555681
			-0.5441168773828903
			0.5787742382893297
		Gate:
			-0.08173986742112978
			-0.8807138349790408
			-0.704023566850408
			-0.7328458990014479
			-0.6407187681378865
			-0.6056671241366268
			-0.8853931718950063
			0.5362315611106896
			0.2778298855572916
			0.03510470518673417
			0.21088356211281672
			0.5053911284287126
			0.5180416048282446
			-0.6713139207460043
			0.565965690145156
			0.3007711983013283
			0.812438807298253
			-1.0084577014792713
		Gate:
			-0.9261798050859866
			-0.4956833766766936
			0.9844508492245936
			-0.9056785508693534
			-0.21577520839441847
			0.8255046469472614
			0.40382977466087205
			0.28751904711363585
		Gate:
			0.37397949864261204
			-0.0013574419214323896
			-0.2081712620592146
			0.5032108782539358
			0.9912915030545315
			0.9122002353070082
			0.1371573498088663
			0.768599212668581
			0.4983005756727422
			-0.022768483398613024
			-0.40965119247133314
			0.7013743599983943
			-0.8004218442077067
			0.10353934792806387
			0.47967454473266957
			-0.5374099670749649
			0.0542303461139024
			0.8442925861757323
	Neuron:
		Gate:
			0.3616905925794074
			1.0259058946759003
			-0.8869722211726409
			0.47075509634052115
			-0.5360055747277523
			-1.1087805618941502
			-0.7997580071237325
			-0.6622585772648388
		Gate:
			0.011695939871079024
			0.8097166571534752
			0.20193139394477733
			-0.5110526722979409
			0.7801168272550563
			0.855802988410137
			-0.6890585510845209
			0.9090431866478852
			-0.38182189849643866
			0.02001041573694251
			0.17298085764948934
			-0.887189415966384
			-0.850677160965662
			-0.865409368360413
			0.9503922343379969
			0.2335950839947677
			-0.6151577181905297
			0.13045617897753015
		Gate:
			-0.17400520840809958
			-0.10036766062991578
			-0.2684650690761663
			0.4563163693740498
			0.6687622422910936
			0.9900526571676765
			-0.3179789851407877
			-0.6785959509390238
		Gate:
			0.7167785508981243
			-0.4171175665695689
			-0.007465665802388874
			0.27371626776092367
			0.395326697705918
			-0.2294340706713171
			-0.414213000440168
			-0.5762782905958419
			0.9700926209090444
			-1.0884267530268916
			-0.6385894655060914
			-0.47336583219566986
			-0.6206695228942101
			0.1742836215151934
			0.7226815770528967
			0.29880651018794024
			-0.9050200436539537
			0.8834269461283375
		Gate:
			0.9217557850144855
			0.6132444556357795
			-0.5142495868150783
			-0.26906945989392755
			0.45793520465848664
			0.02549100758374257
			-0.29265367002649484
			0.6950148777520295
		Gate:
			0.25775168529393827
			0.43696681625011796
			0.45445033154090675
			-0.5216660372412023
			-0.5735111965303239
			0.4431646908794204
			0.8749913761582451
			-0.047398217379197805
			-0.35480119560495
			-0.302213038932977
			-1.00722564745192
			0.7937064810529363
			1.0502636756103074
			0.6832519997896676
			0.46557611205681787
			0.2532649730122702
			0.7141434652360298
			-0.7658024963709817
		Gate:
			0.0912203328816125
			0.543010689556212
			0.9431958305210086
			0.7208595546997445
			0.6588161243126059
			-0.2114340664871703
			0.8397876508332831
			0.9846860134090015
		Gate:
			-0.6717150130059928
			-1.0389241843356247
			-0.7514773356662168
			-0.77423891134144
			0.24673202583270337
			0.2187780525444767
			-0.07783400534868809
			-0.8090699158374143
			-0.044385087499294526
			-1.071232276805911
			-0.3895183991940242
			0.5291311202338483
			0.25134653486972525
			0.6038035230501537
			-0.8482917089757609
			-1.022613445920471
			-0.7117152304702763
			0.39107781983167406
	Neuron:
		Gate:
			-0.835508459277847
			0.7415653498728021
			0.4174645545994202
			0.5086239598853236
			-0.546469267082481
			-0.06423113500392139
			0.19422628327205826
			-0.6573964253239521
		Gate:
			0.9155888365546498
			0.16217534492481622
			-0.28684555695710556
			-0.301204185711894
			-0.6442116529336352
			-0.2104965709409773
			0.792089928020216
			-0.2809271671397914
			-0.22089488634372678
			0.9094993849189982
			0.9720248199644173
			-0.4237716892732057
			0.45972620360316474
			0.10898112880823525
			0.44439703522080326
			0.9058872369307464
			-0.11323528332544207
			0.9017620981390344
		Gate:
			0.14385022689599314
			-0.10260898557389272
			-0.3624812681981442
			-0.8728574928519195
			-0.7567271288277791
			0.6012896703442947
			0.6070662413022483
			0.41977543435472275
		Gate:
			-0.7439218698296849
			-0.22762274050268347
			0.8903966293708209
			0.6766510501979064
			0.22583532301872397
			0.8084958838193399
			-0.865041479521511
			-0.8851318146179472
			0.13965061627189237
			0.5787293864134622
			-0.8659495759515432
			-0.6588107818710184
			-0.770289720096945
			-0.6259385107613293
			-0.3332777709957017
			-0.4886887284980733
			0.180451493818796
			-0.15248780223104533
		Gate:
			0.16948623377252164
			-0.77821260543677
			0.21526998482246146
			0.3917839233959177
			0.8471836395444393
			-0.8005765664623086
			-0.6067003921683017
			0.2615732220688334
		Gate:
			0.9314351867083891
			0.1021665109067708
			-0.8357876727920353
			0.30064785389701415
			1.0181331483045317
			0.040522383671917184
			-0.3563107271209047
			-0.6804148318021918
			-0.90618684886914
			-0.6992270172350652
			0.8624678828083592
			0.5147008569697802
			0.8175293629483051
			-0.6572554706939886
			0.519153090979926
			-0.6912102327444101
			0.08142063794295795
			-0.921076175316487
		Gate:
			0.008520042402828554
			0.3170594104844129
			-0.5274955037667144
			0.4537665725673048
			0.2653241195310033
			-0.11268839500586333
			-0.25598883520608007
			0.7193915476121108
		Gate:
			0.6147207211538916
			-1.0061916166352363
			0.9499204106201486
			0.8702427363430132
			-0.2801358994671437
			0.03474470543736953
			0.4430143027176421
			0.5953976529655527
			0.8890123116035158
			-0.921446808307066
			0.2112843976830452
			0.05174650141686188
			-0.4994804007043385
			0.6195541637409367
			0.20359346426173128
			-0.05299290909095811
			-0.08375603436999442
			-0.2178543246703113
	Neuron:
		Gate:
			0.8643083901228537
			0.7447411047634741
			-0.07836555606613174
			-0.917282240383644
			0.908957800431155
			0.9019907450296893
			-0.5285271794766278
			0.3731814434809353
		Gate:
			0.5204221267311081
			-0.9964456057628628
			-0.20651097463766882
			-0.4577294964234374
			-0.7115442701013731
			0.021237436712930966
			-0.7571731058368718
			-0.18216004040400693
			-0.7722570862497145
			0.07266227023702437
			-0.08986005237612504
			0.21392962965807985
			0.10663939453512261
			-0.03575665848954862
			0.8691873238445877
			0.43332941636263184
			0.27134086333598945
			-0.36534161906873164
		Gate:
			-0.3570581338885133
			-0.24027000736073134
			0.29613068829304146
			-0.442541646674207
			-0.8494288317396272
			-0.30326234277990616
			-0.77497846627478
			0.6725791731848658
		Gate:
			-0.4749735844987991
			0.963103776917046
			0.34486495072134976
			-0.0306558969004463
			-0.09282768076515446
			-0.38681390125971643
			0.7933982955026015
			-0.11870277620794692
			-0.1317056449570161
			0.42635388112345074
			-0.2955382828440991
			-0.4771105647874035
			-0.026824316258911157
			-0.2625528836120957
			0.6998181126990042
			-0.18482676372509577
			-0.2406291229890305
			0.850272372371525
		Gate:
			-0.9444997707893571
			-0.5458538019234882
			-0.8347880657525353
			0.131303676089439
			0.578623433691463
			-0.05879184839826701
			-0.722937802388043
			0.5836229368909047
		Gate:
			0.47775978047787615
			-0.9760714065161951
			-0.8284732177723817
			-0.7780373065168038
			0.782126689580893
			0.7191390372921114
			-0.7201725153493608
			0.4699206564111309
			0.9438164735693624
			-0.3547904425109983
			0.8163856021470368
			-0.06373382007886932
			0.5804376708590959
			-0.7035232556706367
			-0.838851297067322
			0.3453616351255855
			0.7278845759530607
			-0.5863141647925907
		Gate:
			0.03503740152307142
			0.0835117096427265
			-0.7192059663831329
			-0.7209404156468207
			0.45326269662986685
			0.7244665052082789
			-0.871728607726106
			-0.8484822234390307
		Gate:
			0.15949421816350856
			-0.3942055737553129
			0.3489131329904176
			0.4923100051012175
			0.6201152058648826
			-0.37194833408864214
			0.7289209446944425
			0.45909871050752343
			-0.5508772680646452
			0.17212051210570065
			-0.17353437001436417
			-0.19089562620090997
			0.32265335032569964
			1.0380437758115113
			0.41196335042278087
			-0.49731197672386024
			0.15694861802868987
			0.10045244012047022
	Neuron:
		Gate:
			0.22609024614021295
			-0.14747420123208002
			0.9215341953364533
			0.4741545961041852
			0.07316777105306323
			-0.8799977995421076
			-1.1081954363164657
			-0.8937629470897184
		Gate:
			0.194066636934838
			-0.5701692938627715
			-0.15039770798634133
			0.6922161377436379
			0.14014456233314493
			-0.7915867010111347
			-0.7776824343960642
			0.8034026376598227
			0.1369381228339515
			-0.5688155982580176
			-0.22439421547843144
			-0.8662369581864208
			0.19328535618796439
			0.8224511411589837
			-0.7275550246392571
			0.15336551902968443
			0.5838204253235546
			-0.7753915529192447
		Gate:
			-0.6617638743332288
			0.3380648021829091
			0.6750215013155163
			0.024710885236216274
			-0.054505552231755905
			0.8641772177797828
			0.21590491761676184
			0.6189529477528992
		Gate:
			0.7859021184867766
			0.7602343670514343
			0.3693950776351174
			0.014720825710191177
			-0.6981354607860997
			0.30839987979063516
			0.48551482301002374
			0.14134771100010238
			-0.8382083207050328
			-0.2525413238643883
			-0.3038066829511979
			1.0058063523525091
			0.8830900437030444
			0.91666171245148
			-0.43284703315939055
			-0.6311893922957584
			0.8953916802301847
			0.5422165180569487
		Gate:
			-0.508568608926591
			0.7899017793953712
			-0.6544197852367089
			0.6748723398098208
			-0.9132923123897507
			-0.5944414711082855
			-1.0677363069219727
			0.22436181535610683
		Gate:
			0.1695709916200361
			0.6107785597367276
			0.9925045398428125
			0.9792013378997462
			-0.7755115156520256
			0.5343316414428714
			-0.25535787227798973
			0.37433541251153946
			-0.8932672245257749
			-1.082672537227255
			-1.0322337244530915
			1.0564082804244628
			0.14650581344088853
			0.23135763512970814
			-0.198611323470179
			0.1054983700579733
			0.9411558600229573
			-0.8744307384144565
		Gate:
			-0.7645007073701029
			0.7082461389264847
			-0.13831310430804894
			0.6080782027056165
			-0.6478892900052529
			-0.8572002522438851
			-1.0521854295592656
			-0.3077283499197876
		Gate:
			0.41272557908049856
			-0.5456978066833205
			-0.4492306049550389
			0.0952161434211829
			-0.8760269713297364
			0.8322803814957208
			0.2667532457227217
			0.17912807658246024
			-0.881074524738108
			0.2837400532303819
			-0.3962243138627226
			0.004282330391479912
			-0.4987231106934751
			-0.7800069933268909
			0.4994830238520219
			0.02764953891941374
			0.5452405243512422
			0.6440311571145994
	Neuron:
		Gate:
			-0.04776852594546794
			0.12866675076906395
			0.2890671989073783
			-0.724313796288861
			-0.8210241007212027
			-0.7864455038342656
			0.45716821285321396
			0.7763153849085186
		Gate:
			0.059394753200703185
			-0.24098984087714448
			-0.21141371066242445
			0.28822983322058726
			0.5703207332400969
			0.7181399080123065
			0.24982086538053472
			0.37309582925685336
			-0.18843510382245954
			0.6637674000730847
			0.8346264706652913
			0.7247139207419541
			0.9422287910124442
			0.28442599919917483
			-0.5451583050159425
			-0.9649290528695044
			-0.24466140325284327
			-0.637458133329359
		Gate:
			-0.28523357064283383
			0.6857719598422793
			0.7534365071479812
			-0.11111567803712408
			-1.0717025242895926
			-0.5784692974248319
			-0.530137641281968
			0.27688968475350484
		Gate:
			0.5432639664316787
			-0.13337009303678696
			0.3257353057250132
			-0.1957649568679372
			-1.0592274778128903
			0.5616257516477445
			0.005372346364702803
			-0.4911233410305015
			-0.4299665736222733
			-0.13281926693917429
			0.9535838716399063
			0.06258710473401954
			0.3405680705313467
			0.4467556361039309
			-0.9410574262631695
			0.7394325290428684
			0.5016697203920177
			0.17231131437364078
		Gate:
			0.4626496483616822
			-0.36124499132729276
			0.04376302956694712
			-0.5268679631548389
			0.0858655021776665
			0.06094662011626892
			-0.623181188164251
			0.5707427478870817
		Gate:
			0.11320264929048461
			-0.7907042405221597
			-0.21181468642069062
			0.41997138940107714
			0.3589406965888406
			0.7402478474527883
			-0.008109989499942127
			0.6450594758163828
			-0.15247017636756388
			0.0848921039636783
			0.8937276685239485
			0.7438589370099121
			-0.07864209436051187
			-0.7630163931652596
			0.1659175936463047
			0.16776984419477067
			0.6176058347860979
			0.41406633215211275
		Gate:
			0.46018669843639115
			0.6202842192751215
			-0.8024307275900795
			0.5451232061360431
			-0.489387943649127
			-0.20399100537268944
			0.8283150729266707
			-0.6783497792468274
		Gate:
			-0.10553421210034353
			0.681217444544711
			0.5074617707434036
			0.18920622010633062
			-0.8519265363787343
			-0.30312458739882187
			0.8561323094242066
			0.7283705596861463
			0.23556849991200082
			0.10473876017740529
			0.3518958496918545
			0.6209258288208719
			-0.31909328374057255
			0.23164427429667736
			-0.4300148013824171
			-0.5691578745886158
			-0.8203516509090645
			0.4806677696024866
Layer:
	Neuron:
		Gate:
			0.932000244556954
			-0.25493503282029495
			-0.28888176333764015
			0.7530684255371454
			-0.6359511054180829
			-0.1411522965271182
			0.03491792630749331
			0.6215975406303493
			-0.017551476417352704
			0.669111660943671
			0.803460340903611
			0.6372255517930319
			-0.9446204890647312
			-0.652429694686663
			0.10649499332550424
			1.0616455148194401
			-0.7871250595297169
			0.6458390851715
		Gate:
			0.6199125909296203
			-0.9427789348494199
			-0.5070934713680215
			0.6798386761517301
			0.9042205667279881
			-0.12074683643081455
			0.2459103695635782
			-0.3246608984629975
			0.0336168769666819
			-0.4025153424753587
			0.3896674569794316
			0.12927584433807815
			-0.36176639925699844
			0.7578357855443071
			-0.05517866940924128
		Gate:
			0.8691277151577361
			0.08469907041083924
			0.1838622360348577
			-0.25781048312859617
			0.5802094548881602
			-0.17673644598344612
			-0.314712419729995
			0.5902479429852613
			-0.6366257217687916
			-0.29412460068675983
			-0.44736218549796813
			0.5319320747951195
			0.10511848993559625
			0.19295819320790153
			-0.6400016359875651
			-0.8948679051167041
			0.6345493600403564
			-0.27609208515069844
		Gate:
			-0.0017594030029310093
			0.6488395298638288
			0.18235164714415464
			-0.6699677972196789
			-0.08536017724457545
			-0.8266973069376118
			-0.1986377499292753
			0.2615609161607921
			-0.3476767593790777
			7.182674348476387E-4
			0.32448314699854186
			0.12873036313051386
			-0.7138353562579106
			0.3587695398598732
			0.6796817734453873
		Gate:
			-0.9569074206584236
			-0.8099140244032801
			0.5378675379555296
			-0.600677657523426
			0.8053450787390186
			-0.4375828266211699
			-0.6892320631134005
			0.8161756378796166
			0.9587708522592644
			-0.39211381061472195
			0.26885429252463544
			-0.0021724328976489016
			0.4224973617400626
			-0.9335273333862553
			0.4874330507918331
			-0.8843386511779796
			0.8576294960488768
			0.7465455665850744
		Gate:
			0.7542148244388476
			0.38578176236827744
			-0.07707898422022914
			0.5083060797737606
			-0.15363325263981364
			0.5128197976380056
			0.5569229524147611
			-0.8185282279366374
			0.059099809050310315
			0.8601153153581634
			-0.289546965921082
			-0.9067320826016894
			-0.13695914236046902
			-0.28764962175021264
			-0.8569673955237435
		Gate:
			-0.9281098281999448
			-0.38659836315202567
			0.8911807304869008
			-0.19309673181369863
			-0.40403338063657945
			-0.14561980153649
			-0.44492314590285875
			-0.1735856879712408
			-0.6588957578339858
			0.9623565179169321
			-0.06123371222259469
			-0.9886346553376397
			0.549004127777446
			-0.711110677810963
			0.6506639452195278
			0.7515314077223751
			-0.2610917499783005
			-1.048980298095934
		Gate:
			-0.6884740614369562
			0.8129295460333779
			0.9129364705637808
			0.09230679746492643
			0.07695098449539688
			-0.13346229192157644
			0.8407775785993216
			1.0523032294531687
			0.14210089050469843
			-0.041590778098126835
			0.4111531350755683
			-0.6809990199158723
			-0.21492701640091708
			0.5093734352824675
			0.1375581473518692
	Neuron:
		Gate:
			-0.9628681408420378
			-0.17929680985016133
			-0.7982679863228785
			0.7647449189371052
			-0.06355044768093172
			-0.7724622391918736
			-0.30842037270712064
			-0.3438726179305295
			0.04718175380317621
			-0.946130882446945
			-0.3198648240348834
			0.18762111632031386
			-0.9139240311776912
			0.15951669709740235
			-0.18591118584382266
			0.8813425163061458
			-0.38579254191097234
			0.008440048063900196
		Gate:
			-0.4323450460023322
			0.4644446230875696
			0.43071571196094
			0.24332779292254259
			-0.37412388001517893
			-0.3077987600655685
			-0.057665737923042595
			-0.645459095702101
			0.1063398003233946
			-0.3230617460268016
			0.80021510881736
			0.3043304085166657
			-0.9277876411536072
			-0.22380468643708384
			0.9047187877931503
		Gate:
			-0.7036792754261743
			0.19122585387911206
			0.02420637208214993
			0.7985581545888295
			0.9473814781772287
			-0.5525207685299538
			0.3130550417986304
			-0.6165012665047495
			2.170172500534917E-4
			-0.48043191155760107
			-0.03336454900544461
			-0.4685692848688745
			-0.42780994465987654
			0.19037765201037474
			-0.17870237482975615
			0.4979930181146418
			0.622860822646808
			0.45886686096642726
		Gate:
			0.08278903181376417
			0.545182409493706
			-0.7681918978728589
			0.40339321272193684
			0.3816765051164085
			-0.765542547157092
			1.0493755164307734
			-0.3046533453311723
			0.5111179437258593
			0.30273308432889046
			-0.22222458271455137
			-0.6554953065457638
			-0.3411235255456629
			0.9774459083288456
			0.7527759199518411
		Gate:
			0.9404145788119271
			-0.05480023442363195
			-0.3602856934727432
			-0.8104677413746695
			0.21935982053836478
			-0.869384453859815
			0.07994673289797838
			0.4636338817421555
			-0.3681265649962301
			0.047409845610648
			0.558721974855295
			-0.671589964685901
			-0.8466696559478818
			-0.7732191609058292
			-0.7690395938859214
			0.33227175609883175
			0.5910611494571761
			0.3270958712235889
		Gate:
			0.2597224841704271
			0.7622752513254323
			-0.14881284186559698
			0.8378877097372511
			0.8543780601747992
			-0.9395297286150234
			-0.06598407030178237
			0.5235873628761898
			0.7579846141308053
			1.0132459042966373
			-0.31698786272509866
			-0.704577474400955
			0.3548687454122257
			0.18818270877122265
			0.6382415414303009
		Gate:
			-0.2739688359077985
			0.9734337537129982
			0.0743487059968575
			-0.5142454227170481
			-0.1498627326605877
			-0.2159682063574785
			-0.8112125266189713
			-0.5079936771272042
			1.0397009289620707
			0.6080816470344975
			0.011015468218445193
			-0.07561960898050013
			0.3664872308277854
			0.2457562202325025
			-0.1644634811838864
			-0.646166309667775
			0.3166496453814336
			0.16149753250370102
		Gate:
			-0.038015286979909524
			0.2982407198524713
			0.10048624860546515
			-0.6049286689986972
			-0.4906894922557641
			-0.9517333837090158
			0.8862389918755259
			-0.7402297621238727
			0.025259619651662436
			0.2570229727000059
			-0.26545888419142294
			-0.05012481513876624
			0.702702366398122
			0.16313665186658488
			-0.5375727721094501
	Neuron:
		Gate:
			0.8185650750964583
			0.4324225440472497
			-0.07595801942252696
			0.41885667563010454
			0.04674191501677325
			-0.1704681242289445
			0.7717120321200784
			0.3589452179826201
			-0.39879880657909594
			0.12963067579591384
			-0.34829850507950716
			0.6651145488265767
			-0.43649132999733165
			-0.4096791663190851
			0.10148661907917142
			0.10011169835002276
			-0.9502764458115156
			0.003411229264089273
		Gate:
			-0.13644464730772393
			-0.10514483147906035
			0.7478958721474724
			-0.04349712905841199
			0.7754552181590546
			-0.1963215749079792
			-0.9055675511411398
			-0.9118428700376451
			0.9393391035389443
			-0.8979618928394838
			-0.12885304841441098
			0.4560929544436818
			0.3686033477498516
			0.403761511486477
			0.1581590419590137
		Gate:
			0.4181956358693838
			-0.05829322816010579
			-0.8999413609148168
			-0.26967640661251724
			-0.8190573701276557
			0.6472121441525804
			-0.7321754121680085
			0.19534612075990718
			0.6049568037814328
			0.5675609424819288
			-0.8409518840001757
			-0.4763413325193077
			-0.872178159395502
			0.681795312223036
			0.2862327371166135
			0.865175481635153
			-0.30284904184698563
			0.39646404424569026
		Gate:
			0.7041063144560649
			-0.2608584729800776
			0.8179924515642283
			0.9822723602188402
			-0.336416566656763
			-0.771666892790624
			-0.31821430368553494
			0.5969965890598514
			0.4210153429982363
			-0.7360786810906645
			-0.5099002669231935
			-0.7561518429164767
			1.0594796582741688
			0.008881003547200075
			0.4064276450102735
		Gate:
			0.3332515621613675
			-0.6038665434864579
			0.9355864138271868
			-0.650941852205227
			0.5718245659756257
			-0.6229288759022769
			0.203181366222524
			-0.18453876206483008
			0.4898314591087525
			-0.9709964897576385
			-0.6189144478373879
			-0.6591507565001294
			-0.15993308754811605
			-0.49304413739736463
			-0.7036952066427946
			0.9686433907196466
			0.04160123753045886
			-1.027760327307588
		Gate:
			-0.0014657287283382364
			-1.024009971680172
			-0.8733709722616767
			-0.6164184487440324
			0.7335912445401
			-0.36389167704527997
			-0.79280998235265
			0.3921483506680069
			0.06483015425079786
			0.6610564272446054
			-0.5536033167322056
			-0.7363305372259559
			0.055298882063686605
			0.6900365321091098
			-0.4991600132810607
		Gate:
			0.5284739924682729
			-0.7669191940926883
			-0.18759424988417148
			-1.0046586951662126
			-0.5871981348203157
			0.07093793518718094
			-0.5055541481299768
			-0.8208343970439709
			0.869793085822655
			-0.39715463464872247
			-0.9677018862616388
			-0.47247954318251145
			-0.1909048057878519
			0.6527943323501837
			0.7199563489956458
			0.3999910354970744
			0.3498760840927031
			0.28039345801777305
		Gate:
			-0.10359544460865622
			-0.629123037709386
			0.8378839654530114
			0.6710615876496485
			0.757468221412354
			-0.16902632466549428
			0.2572989769246528
			0.11018467876413736
			0.13578338865565182
			-0.20092462244558235
			0.4427436184756764
			-0.22377796786505189
			-0.280513390185094
			0.04509749390874962
			-0.7688211623191521
	Neuron:
		Gate:
			0.6323310272411142
			0.0750953305044646
			-0.10932472901078212
			0.42996468063755505
			0.35540236121299873
			-0.18183823157434917
			0.9816952920899754
			-0.5677936676981696
			0.4358420900562499
			0.3208619199359134
			1.0319528496617905
			-0.6140444849733456
			-0.2048606149073351
			0.3831491244937383
			0.7133676358831508
			-0.004913866586313861
			-0.5867073847227807
			-0.5461710652569896
		Gate:
			0.12341913365907187
			-0.12465492375639135
			0.5152473388878255
			-0.34512065778139633
			0.7774227751553391
			-1.0428887280825008
			0.8368012849067152
			0.879694071059596
			-0.4035714310232672
			-0.5323185166576954
			-0.15741678285968863
			0.7609288076190556
			0.35394811286253214
			-0.9101667408740314
			0.16274504527157668
		Gate:
			0.0016300537138270316
			-0.5884795350694977
			-0.2199121045709486
			-0.42944544388081163
			0.8353653222355683
			0.991775746366967
			0.877277258897446
			0.5991007545084016
			-0.7167392442241486
			-0.7387950851486809
			-0.8158638973625223
			0.4885615373016087
			0.7093125370164197
			0.08963449004543425
			0.5018228166951395
			1.0048286903647874
			0.7236577458568595
			0.8985518148128737
		Gate:
			-0.416339839067006
			-0.887442872772103
			-0.19366580090919117
			0.19266932896420852
			-0.8885452211368278
			-0.9216610512189028
			0.7378431736877512
			0.47761501641445087
			-0.31929924765364903
			0.24282999038705425
			0.5935945150781898
			0.7900866072956443
			-0.4299341077507378
			0.40478419607357835
			0.1138092241850126
		Gate:
			0.7098413054994203
			-0.5156616671255885
			0.7644622088518362
			0.6640788247324357
			0.17491809528770697
			-0.7099755782828292
			-0.9395240315946126
			-0.9545763652031273
			0.5731037852818659
			0.5511942880369803
			0.6831363773798346
			0.09897175454662799
			0.42723763503755685
			0.19752256715333832
			-0.6950022241396521
			-0.843268540808362
			-0.25159785027117354
			-0.9097330694447698
		Gate:
			-0.7781656143490667
			-0.6278085814236722
			0.5188224762591311
			-0.5328236157000723
			-0.061482633106519406
			0.15007060693325852
			0.3328166990699086
			-0.9985399486813338
			0.9341245536333646
			0.7862213669498104
			-0.21082863382039432
			-0.671770795579332
			0.9159453827531298
			0.1579741654383119
			0.18120491974751124
		Gate:
			0.1203180706084185
			-0.3659625832558874
			-0.6591208102598844
			-1.0612949629412527
			-0.5841313725473765
			0.8907490990334113
			-0.5692346172565828
			0.9089053081249032
			-0.8006779447659875
			0.4112776140434874
			0.17506329334308884
			-0.8174242016564197
			0.7778712436829245
			-0.45290973891164604
			-0.35652481544067677
			-0.46212142799409966
			0.12761288659397352
			0.37940123548840415
		Gate:
			-0.9818233778236571
			0.15565493631514288
			-0.8329112413748154
			-0.19066021454632187
			-0.8599219376852413
			-0.6690153610750034
			0.9352518709985326
			0.011968084041893645
			-0.31648091529062805
			0.9712507435503067
			-0.3545494881859642
			-0.383835554381366
			-0.9555976313890936
			-0.38700591393400885
			0.49172308559792194
	Neuron:
		Gate:
			-0.8961148836940577
			-0.40969803450204456
			-0.4832681453103857
			-0.4480760992570512
			0.46960597162194334
			0.3531255007746142
			-0.438531467176448
			0.601199378501791
			-0.10087824504402243
			0.49209140405653495
			0.818876676004072
			0.3043997231329726
			-0.00434655290984081
			-0.7854244213510737
			-0.6140268220318887
			0.3005710884039292
			0.5610319956879734
			-0.4120567366355587
		Gate:
			-0.9645044959878813
			0.6760007062426696
			-0.7477757937495099
			0.3918628323096714
			0.6652541578025384
			-0.6528039385975667
			-0.7435497448776661
			-0.9216011241650087
			-0.6562284266635129
			-0.937582720850917
			0.6156347512937806
			0.5418512241911614
			0.11242807403296917
			0.4612031079293124
			-0.3541705350948032
		Gate:
			-0.8727172741270438
			-0.5042258817225407
			-0.08873732024888872
			-0.724885483282393
			-0.62895142698881
			-0.6623492841948115
			0.9515243816501976
			0.8260478037717566
			-0.09441396394237306
			0.4330645959891203
			0.46142662246502075
			-0.17993670180142132
			-0.37239627743390186
			-0.4433135639800451
			-0.6292004006402675
			1.0439880450308812
			0.5884745916686982
			-0.3890697194647845
		Gate:
			0.874224879189631
			0.9842441061155212
			0.8128989165583804
			-0.7728232193638546
			-0.9418599499854996
			0.7164900831544452
			-0.7773325816187282
			-0.027064570305437657
			-0.27486511412551173
			-0.6030105744251305
			-1.0072903138665719
			-0.24308872836212614
			0.5762907187548926
			0.04250009380355785
			-0.5889851610263701
		Gate:
			0.7731766735359592
			0.9354123093322412
			-0.6681796806794397
			0.6782539795485086
			0.7797968278480127
			0.8109074371269169
			0.5371519240632158
			-0.09892588969012595
			0.3435455278922246
			-0.02275687584686087
			0.14144784929504572
			0.5962787683533457
			-0.5529075864764068
			-0.12050254017931997
			0.3983980478592162
			0.5668725561307044
			0.9676499675144649
			0.11798456381054882
		Gate:
			-0.9103664113724362
			-0.5371348550487952
			0.8392014144054905
			0.8488444488373501
			0.13579457698665237
			0.35743267593678874
			0.10780207429467932
			1.0048406128220735
			-0.2627032269557529
			0.6412370024635325
			-0.5890672243976113
			0.40980260860952494
			0.7218796983354826
			0.5821119191000743
			0.14250054749804283
		Gate:
			0.7397500031290548
			0.4524896984392684
			0.9394294764264862
			-0.04352724983815537
			-0.39725098424643995
			0.09746273451661287
			0.08125963282631574
			-0.7834141174162594
			0.1011004283813221
			0.9314643158792203
			-0.5464065709926087
			-0.5077647185829277
			-0.5820083846322732
			-0.4496940610506177
			-0.6907652231721817
			0.7599695801576746
			-0.763012279919556
			-0.6804636812842761
		Gate:
			-0.40275649050304235
			0.5280325486657657
			0.2681802914687432
			-0.9606300438165282
			0.5118422833736018
			-0.12582090662372858
			0.023351890585996626
			-0.7355886248708503
			-1.0518406504057802
			-0.5081998458002734
			0.42673781475411177
			-0.560406631710782
			-0.872583842125568
			-0.13923653154610066
			0.1859096058773615
	Neuron:
		Gate:
			0.6888645718772276
			-0.3846587240595003
			0.12794232508026862
			-0.8881294661555296
			-0.20735331187304534
			0.3395760145432664
			-0.49511473638420356
			-0.8096350006715275
			-0.615364394238013
			-0.662636507897623
			0.44223694566288113
			0.12143248840924206
			0.060735947853824884
			-0.4473024527367046
			0.7539011059090478
			-0.7738952284906057
			-0.5596522443610802
			0.01951396516710835
		Gate:
			-0.7733770413524237
			0.9897497553195014
			-0.3431484277225268
			0.9542792386768184
			-0.20213883508460517
			0.13426766260254328
			-0.4742977029092841
			0.17095960483987072
			0.9251299039336606
			-0.7513273579525944
			-0.198259349776353
			-0.47904282346416127
			0.5030268039059487
			-0.2984418260813846
			0.3066927308140306
		Gate:
			-0.6344123889627246
			0.12723549649357474
			0.7145240783474426
			-0.7078863631557089
			-0.612492368921068
			-0.8931538230919993
			-0.5373876256833333
			-0.0956728618844514
			0.8574137662808448
			0.5808812482434033
			0.6588519771758128
			-0.4476066093888921
			-0.3651917710489625
			-0.8448254665741496
			-1.053770252175118
			0.9505202546464674
			0.6935468631760514
			-0.8827914800073663
		Gate:
			-0.4163763144410703
			-0.1972664941260287
			-0.8172792583488149
			0.6270577497263004
			-0.8808952225978957
			-0.5870411230075554
			-0.4510840861522084
			-0.04614783942481554
			0.6811844415664366
			-0.2899531763770622
			0.5826677172209822
			-0.6383452197024112
			-0.526498384338049
			-0.05129677474936807
			-0.7577523596987064
		Gate:
			-1.0649457488865544
			-0.7001241570627609
			0.8460847352457319
			0.5590806465657621
			0.17419149461385486
			-0.5515406240016558
			0.06911055828998097
			0.2331171510995358
			-0.6839517793137488
			-0.47050358047825935
			0.618242632495999
			1.0345870499531233
			0.4263606712140316
			0.7746191806752759
			-0.2561778964797894
			-0.21388002584421925
			0.06776722293967799
			0.05196348269761426
		Gate:
			0.6659984488307003
			-0.38496023198869
			0.06613958943543849
			-0.14349232776670556
			0.6799461710427186
			-0.13927383356012177
			-0.8990586382314978
			0.11707321613067312
			0.6010586722786051
			0.12907774240289754
			0.8709766723628086
			-0.9328571033647669
			-0.5834274370405254
			-0.2336108791304024
			0.5852934752384852
		Gate:
			0.4897704063978745
			-0.9576744026111201
			-0.0033367677023533465
			-0.16601416732368462
			0.438094915997437
			-0.5869273113890385
			0.48947137505850025
			-0.8086101642403886
			0.9057847693863048
			-0.8009888072920086
			0.5804195564359407
			0.746099072762567
			-0.2092679426441994
			-0.13849082491350082
			0.452902787278337
			-0.9956459622692013
			0.3954456492548841
			0.7117419427484433
		Gate:
			-0.500156352717556
			0.6462636337707331
			0.9737505859265726
			-0.3332604995605423
			-0.5025691268331118
			0.42993630891998946
			-0.8073563702459409
			-0.9108246481215382
			-0.5850564593413643
			0.02774881548035557
			-0.4718523857089423
			-0.2952718734746437
			0.516675866899994
			0.12179425874638197
			-0.5531111577419171
	Neuron:
		Gate:
			0.10830143080479582
			0.29849739860337343
			-0.9413097313185699
			-0.7857485501552789
			-0.6924508575509499
			0.1571169285851121
			0.17601526500727804
			0.240513308651852
			0.0947503201328626
			0.35387814532866746
			0.08355555135561327
			-0.8338536101726581
			0.6542472394597985
			0.2526161330914769
			1.0224866117812912
			-0.08746201346152664
			-0.9899184411270175
			0.40210469144555505
		Gate:
			-0.6114771740351019
			4.206342163455973E-4
			-0.15503819657919915
			0.35479196941956725
			0.3336934440416275
			-0.5084298435737119
			0.9202830110658697
			-0.27481901252345065
			-0.8148721284566784
			-0.736835306650568
			-0.6776677550913627
			0.6534674389132362
			0.007507437603672229
			0.2626911496763773
			1.0197971009444258
		Gate:
			-0.6465087108807672
			-0.5863305105811422
			-0.39760345821675497
			-0.0598303831110727
			-0.47520394499270113
			-0.5088268751221697
			-0.5383708341226093
			-0.8024995140738538
			-0.7439639866838863
			0.6781074459319725
			-0.49239358057457394
			-0.9074464226469273
			0.29779198787933425
			-0.15769412759485274
			0.8073744585393025
			1.0156259567740569
			-0.8957165431939391
			0.7991328972973929
		Gate:
			0.2832726756787902
			0.21065409448824376
			0.06588859792330481
			-0.8634524497572756
			-1.0604036964459695
			0.94558637221999
			0.6401530402616809
			-0.5949438037315794
			0.3064645693704915
			-0.09363966860482842
			-0.4576806980300825
			0.20384307110391053
			0.3411663604906088
			0.5409881840953717
			-0.6561710484265814
		Gate:
			0.8789305219555148
			-0.20430493053976462
			-0.588937155581727
			0.8673518887084188
			0.2780154540860334
			0.17822499992565077
			0.13913338971390976
			1.071821052104625
			-0.918893472885036
			-0.426254349645273
			-0.7657923639335489
			-0.9679741531712607
			0.06828274831261805
			0.6204055767571218
			-0.04991765820927378
			0.20934716355456073
			0.0026354167558949593
			-0.8889618571242084
		Gate:
			0.908582972536673
			-0.220414348563565
			-0.39283138826643077
			0.846799197320451
			0.04310188184789453
			0.2548822063105257
			0.26637612438889957
			0.37283736457032546
			0.08069969167438892
			-0.21723492742300454
			-0.030838235103445077
			0.10367039043943037
			0.874273816483135
			0.938773311127313
			0.8805013102197894
		Gate:
			-0.7686851384172024
			0.5271867782177693
			0.8079843241624863
			0.4049049723279775
			0.06686127788962537
			0.5174117734087705
			0.7049492080071504
			0.4637230485744742
			-0.947198705909173
			0.5494397776483524
			-0.25895942325363036
			0.6100174174302001
			-0.03531109528338014
			-0.9430711179523905
			0.4860547590296092
			-0.4282441711996995
			0.261988155062226
			0.26072606219443495
		Gate:
			-0.6912968803680086
			-0.22782501857202758
			-0.30988393190977825
			0.7016790627125753
			0.7847722478781192
			0.8421123634881684
			0.9105544217025421
			-0.8924918976827965
			0.8821159871699417
			0.8221809138778777
			-0.14029244369296076
			0.5790967603267512
			-0.06096040631777784
			-1.087289756949408
			0.3331904991966308
	Neuron:
		Gate:
			-0.47938541939519264
			-0.28838726971492196
			0.029895027868515646
			0.3786668078674169
			0.32604845955910683
			-0.569981546358983
			-0.893711988918489
			-0.5203188664716726
			-0.9129106659325921
			-0.8326959570633231
			0.10420897069747825
			-0.7804831629088785
			0.08752327740359009
			-0.3297920808150576
			1.0084393446307471
			0.37696942260401334
			0.3183928488359064
			-1.1268450539224297
		Gate:
			-0.06673939206932887
			0.6096321157431897
			0.949136441448521
			-0.8975235162581023
			0.7919310675009327
			-0.8626305419046687
			-0.3740411827490503
			0.2167568939229251
			-0.5194276570161479
			0.6041801210535103
			-0.028751702327985233
			-0.19745044483684
			0.49313234986328747
			-0.47065830128511454
			-0.24135836035830743
		Gate:
			-0.5245372396385033
			0.5120549550967193
			-0.21900522650776474
			1.0456585190361238
			-0.3201756815090155
			0.8342113383966688
			0.7087811409325905
			0.166694305045947
			-0.8531129663232342
			0.6406028049389443
			0.01286814640440008
			-0.9046990222682127
			0.8632633515171829
			-0.7701606738429148
			0.9060180175956513
			0.3405211083927091
			0.9088120758903196
			-0.9161677758036627
		Gate:
			-0.5374872487739528
			0.17471277750284323
			-0.3012058988544067
			0.1537460782923955
			-0.2457846654522446
			-0.8224841050954919
			0.328612026910933
			-0.981534203472136
			0.11634994597541297
			0.6835421604579903
			-0.841160398068937
			-0.7297344227825817
			-0.28352440485118574
			0.6932290370724814
			-0.5703278585259014
		Gate:
			0.1152958634192816
			-0.7491998480446097
			-0.8860224356884535
			0.2629573440396432
			-0.9381412216163305
			-0.9391489581964401
			0.11941656989681018
			-0.5360922764496036
			-0.31552375070105776
			0.022889315811477642
			-0.6956450913230409
			-0.49938092060080214
			-0.8598754626938101
			0.5946171091784684
			0.40649927888213616
			0.9605364409826391
			0.7875090242005619
			0.10521674705097595
		Gate:
			0.27491903412779395
			0.025958603552082016
			-0.7373902980770077
			-0.14981859848326973
			-0.2306935238992711
			0.7989170961486539
			0.1317740901585555
			-0.3425996868652462
			-0.4121175638203971
			-0.3698676809454657
			-0.21739163993897648
			0.15132357641762617
			-0.377844855550037
			0.3299099554660625
			-0.6736343770562522
		Gate:
			0.028910536475494908
			0.5777588538696682
			-0.9397171954793442
			0.3094685286387035
			0.424712454438531
			-0.031166907541527705
			-0.6502171374230556
			-0.1939294831327285
			-0.5290482608141278
			0.8482100621748963
			0.6881044020425348
			-0.840259176909039
			0.4552312007566782
			0.4384180101052991
			0.8150758848195673
			-0.7389962424914984
			0.30907230183009726
			0.286460862492666
		Gate:
			1.0168587688547717
			0.434148608446873
			-0.8984556271361125
			0.2774697400063075
			0.08902952936764508
			0.9584144241301803
			0.004998670082550213
			0.9101828854628803
			0.05604166186016051
			0.8173707633248096
			0.2431710999142419
			-0.32621532808703907
			-0.1435354770390026
			0.40800720022401227
			-0.22199377518087493
	Neuron:
		Gate:
			0.12425643315196033
			-0.4785759265817184
			0.1819507236761689
			-0.002772230672857502
			0.8465499789571876
			-1.0237561493153575
			0.312405734192337
			-0.401037959265115
			0.485769733083522
			0.3639679315361012
			0.39206433459420975
			0.338834686265036
			-0.5589628114669366
			-0.41412145300080955
			-0.14354919059138327
			-0.1207587834915777
			0.20096280547533735
			0.1537415508483062
		Gate:
			0.12203500450446253
			0.288244006498118
			0.447603303197154
			-0.18154598426988566
			-0.41198560314714605
			-0.028895952158901835
			0.539059120903012
			-0.13131784558458426
			0.22325521263497888
			-0.04174392797012949
			-0.767192251537017
			0.5854825981911354
			0.2849196651102859
			-0.24374750658011768
			0.15156138507800765
		Gate:
			-0.542581919131
			-0.6696165574251951
			0.6030480672742139
			-0.7406016401405071
			0.03241180677969444
			0.8450796108624151
			0.704121307999067
			-0.417447310690311
			0.3055960403354241
			0.05654887887494331
			-0.40285713432684067
			-0.7331860599298197
			-0.7665278153338969
			0.7681660057477212
			0.2493401716201264
			0.3548758142471597
			0.5989562400909864
			-0.36446315953956315
		Gate:
			-0.7271957373872868
			-0.06881330195990716
			-1.0284870863619797
			-0.7463161615967584
			0.6939532271566274
			0.44072432837435027
			-0.3659522841782392
			-0.7839878162029877
			-0.593268585514039
			0.6255489258952668
			0.6174918830555416
			0.8235517460440601
			0.8206908961464744
			-0.5161364426940912
			-0.7773307965867473
		Gate:
			0.011211117499423176
			-0.06769249512248851
			-0.31943287872829607
			-0.7887403702467267
			0.9975150927990277
			-0.6607191736745659
			-0.2674443282757173
			0.8506723342987442
			0.8878835108395866
			0.5842351523501967
			0.08407836342361626
			-0.6755055858775625
			-0.12428685756911295
			0.10226987660132325
			0.11727736671156674
			0.6121915534900523
			-0.47653786642018775
			-0.9330604420347313
		Gate:
			0.2912876351108993
			0.6862020401606471
			-0.5597195079713245
			-0.20064486272008314
			0.6618519528826863
			0.4766825065709652
			-0.023469805387518042
			0.004964299001839078
			-0.45980222149149985
			-1.003056605743313
			-0.2686104853448897
			0.5166653826870805
			0.9396571197622589
			-0.7343215685336124
			0.09622711824350194
		Gate:
			0.7605737044884848
			-0.4833271555270433
			-0.5076635256448205
			-0.8827612546712897
			-0.6340546829793257
			-0.15935034001188475
			0.09608517680447662
			-0.7426721326252618
			-0.09204448633464134
			0.14924321449773406
			-0.0671285596618994
			0.6740829417459285
			0.9008845192818271
			0.33663307756450545
			0.6341413029874132
			0.057969940166191655
			-0.6857679369241771
			0.08607057445852542
		Gate:
			0.5717373133286905
			-0.8468815942116382
			-0.5549447443153974
			-0.670937927721553
			0.11283881437241848
			0.28485803586781855
			-0.7065933800153904
			0.2841356423443525
			0.30575974650241966
			-0.5777189286273768
			-0.6133292378210514
			-0.04619251508997899
			-0.7155681944458359
			0.11334161548918857
			0.9498837202775587
	Neuron:
		Gate:
			-0.48760979572446694
			0.07146261263361924
			0.435226390488068
			0.9087136127664668
			-0.9268166812529794
			-0.5026262357934633
			-0.6938447231693158
			0.7724523484372188
			0.5115473921137876
			0.9804908918574111
			-0.7346859015413381
			-0.005198228316686912
			0.07326949602950592
			-0.9116735712033529
			-0.36283310990902956
			-0.42628226206185094
			-1.0248856986864412
			-0.8862397943175072
		Gate:
			-0.11654897079337245
			-0.8585551249640377
			0.42370388829961314
			1.0471949547083717
			0.783362146026777
			-0.29595924442281896
			-0.7707974442557355
			-0.915003119417898
			-0.5216644526692094
			0.35089522794078043
			-0.24449552383774883
			-0.6173403036332656
			0.5495394830016903
			-0.5143118730841459
			0.05632778877562372
		Gate:
			-0.19934347187543494
			-0.7742243987480173
			-0.24686481958292344
			-1.0195023745869287
			0.9105170738868579
			-0.2691475421862029
			0.1884900742314004
			0.25180283231326567
			0.7612115699886298
			0.6900353862927078
			1.0561173161406376
			0.10269123668439306
			0.0551815915582094
			-0.15114308953964087
			0.0380860913378529
			-0.03137303005263714
			-0.4445741256539215
			0.4055824884879372
		Gate:
			0.33284965873953926
			0.12353761251992587
			0.22774062667166484
			-0.7784601746897619
			9.48725784653992E-4
			0.7834777446617597
			-0.037221981193050944
			-0.9345122672897541
			-0.4921866932827946
			0.6997161274655204
			-0.5200870143428913
			-0.8230157350517363
			0.7144790250281006
			0.2523550456011609
			0.8388509910046741
		Gate:
			1.0662665639631765
			0.4395230471922744
			-0.7761940052809035
			0.815160903932175
			0.22691101504327205
			-0.41121454059810447
			-0.47693905080116267
			-0.576877591556826
			0.495571508318094
			0.8277787382305097
			-0.43135528436463755
			0.8312931327855425
			0.9101005138158431
			0.1401664275120304
			-0.7441851792466225
			-0.9223488175795352
			0.014394040641202865
			0.2565823105707128
		Gate:
			-0.8039355886006426
			-0.5826438043347157
			0.7901069625700287
			0.05972706035574246
			0.63954455165583
			0.19195289950618544
			-0.1178821092951082
			-0.419991373913802
			-0.40874711015031584
			-0.1958702200245121
			0.5420816584905619
			0.9931372269180544
			-0.2344353932721668
			0.2073993482642626
			0.5452877035913772
		Gate:
			0.37776822941391136
			-0.24399450160109026
			-0.2587984681802958
			0.03664716196284612
			0.3132599005144443
			-0.3684282313875202
			-0.9419037675221829
			-0.6383943604983703
			-0.6499186176700318
			0.8850464422285166
			0.943814744332346
			0.057768518947277164
			0.6276818133425364
			1.0130510135556667
			-0.2485768541050185
			-0.23246832699433712
			-0.07126427485042863
			0.05246684943534825
		Gate:
			-0.08666538236360936
			-0.7478712611188929
			0.24241585317632905
			0.9530910649037574
			-0.8039044146710532
			-0.5140559464188099
			0.9942961470457713
			-0.3071172018624037
			0.840376143422983
			-0.2694637177605694
			-0.02310658008934685
			-0.07472756836446245
			-0.2640209909119293
			-0.6427475648249475
			0.3075723816234561
	Neuron:
		Gate:
			-0.8512899320119218
			-0.32512461265875736
			-0.5568895886660603
			0.43509546745952776
			-0.42778096135450316
			0.8485588145810099
			0.47015431486175546
			0.217191354602231
			0.6472582521491896
			-0.4838767109279454
			0.12981090621651237
			0.7880012181420735
			0.35447028917071227
			0.6197818998736132
			-0.9077845963771706
			-0.011867651035027293
			-0.3681808895417078
			0.8881407839508508
		Gate:
			0.7567905854923228
			-0.8185944206603508
			-0.33664345842203686
			-0.693381441998861
			0.17447925555951982
			0.7107073290793832
			0.04880213769646646
			-0.0833556146283441
			0.04986548824283299
			0.7177259611181753
			-0.14462176417948552
			-0.067675416940844
			0.39319120241085365
			0.12578111143362158
			-0.6882543841426934
		Gate:
			0.5800721426925417
			-0.8619345125098901
			0.2958493792581322
			-0.5079745927311142
			0.2652326004059532
			-0.3967369764949499
			0.6983647077477758
			0.7439651783574807
			-0.24450160440640256
			-0.11669425838783201
			0.4191937556125557
			0.564184589477579
			-0.70359212057179
			-0.5570394741622795
			-0.7720525841959112
			-0.5920242538109322
			0.7161331534900425
			-0.6459356577627471
		Gate:
			-0.8866922179550295
			-0.36588872612468315
			0.6308377145266328
			0.3671191639278588
			-0.7062358085096694
			0.02564885363648528
			-0.603478858407517
			0.8694632043481996
			-0.1642589010733232
			0.5729799606340042
			0.33996782314372376
			0.3809212273706346
			-0.7333547672013182
			0.778690362608939
			0.9071393638121656
		Gate:
			0.22766721620081554
			-0.3481502565194954
			0.6371340448903693
			-0.3875467694709584
			-0.7661016839448982
			0.4364546271281652
			0.8973815370026971
			-0.7809569290726189
			-0.6223794705468262
			0.6952172262122416
			0.3427046663888826
			0.350035822994241
			-0.4929013486402491
			1.1408330988886446
			-0.4828625772098317
			0.03653695751169168
			0.7859767693701293
			-0.8741200645505582
		Gate:
			-0.5921535286744755
			-0.908272539172947
			0.7168718707142298
			0.22499704991939629
			0.7714753567867235
			0.24231810090424402
			0.8550755107278706
			0.2637185040389373
			1.017973381399995
			0.15161545697611567
			0.3466285289193597
			-0.2849964677116991
			0.7006664591183919
			-0.7722436151731961
			0.33423476599926416
		Gate:
			0.5009599308376816
			0.32314788213412293
			0.5801793089387891
			0.7229903019458701
			0.7885214722726797
			0.8502530377927472
			0.7716619810697047
			-0.280589086881208
			-0.8909514029113759
			-0.817790693110275
			-0.624276946062798
			0.31261571554739187
			0.9384289637160785
			-0.4909812721023463
			-0.43903383914624294
			-0.3654585440038866
			0.8603798803235962
			-0.9338723857471936
		Gate:
			0.04742393123904336
			-0.37379935062253195
			0.22577688362739723
			0.3156975782689641
			-0.32844671580387785
			0.3167696596119107
			-0.22025862285017744
			-0.1753038655654559
			-0.599157463295916
			0.8840658848139705
			0.6862176646971648
			0.7508402341871774
			0.014157765622533125
			-0.6016159094560907
			-0.5882851036345194
	Neuron:
		Gate:
			0.8261153455608724
			-0.23784176962780748
			-0.0890155732259593
			-0.08986233185265169
			-0.747459835434579
			0.529095842268274
			0.14405799353217175
			0.34974728280197603
			0.3859987894998218
			-0.7125121245535069
			0.2830070346812087
			0.557097710505223
			0.04455600425275541
			1.0034848864250017
			0.5681676709569552
			0.379750505946194
			0.30194941558102995
			0.3243629994040761
		Gate:
			-0.9101842423670022
			0.6341479190061781
			0.46522763856629695
			0.12548856376552986
			0.5481417166423738
			0.38719419782727227
			-0.6886829505189693
			0.7099676843391826
			0.6388536667498773
			0.6835448931656718
			-0.46125271614954705
			-0.5328186045927648
			0.1652011787245716
			0.5253588263350871
			-0.9417672792785465
		Gate:
			0.9583212256012764
			-0.0161434270158521
			-0.4788156435697621
			-0.9148030108623021
			-0.14683446911200224
			-0.5148254539839471
			-0.8251663847442162
			0.6604788314427534
			-0.27910981878500296
			0.4811022130207679
			0.9142255676978323
			0.4626290645016062
			0.748102078445669
			0.5338414439553607
			0.961311484515114
			-0.509657790373245
			-0.18959850255632077
			0.21951226287520598
		Gate:
			0.9644558913603832
			-0.5207918250513932
			-0.6092616005048772
			-0.21422481608693225
			-0.05038252945532373
			-0.6674113789463022
			0.11348731814935795
			0.4967758077624864
			-0.7588050224689367
			0.9963187595023751
			0.33523030265532433
			0.3985740842100174
			0.2903563567852966
			0.16335350948932348
			-0.6533567126588782
		Gate:
			-0.6239899953023254
			-0.602239232032512
			-0.39415592925719684
			-0.735191411325498
			0.7600053468546006
			0.6857789707843245
			0.7426625203740146
			0.18279599455041848
			0.820881494823456
			0.08604931283963249
			0.9984587155532914
			-0.5215761951772286
			-1.0211060501301004
			0.7845602971805359
			-0.6319432767626815
			0.3139247593673418
			-0.5787560732343844
			0.8712216815906555
		Gate:
			0.9128278738040813
			-0.7116407069586012
			0.04840422905058528
			-0.9820664939440718
			-0.47789605661618667
			-0.8640589333781934
			-0.36913652903476146
			0.3069640127204378
			-0.24260099180182984
			-0.838676992940961
			0.5747625459123648
			0.5966759422640928
			-0.47972045872401176
			-0.5442038555851003
			-0.9678978349860046
		Gate:
			-0.6307013122276178
			0.8798845611722546
			0.014275713113868278
			0.7192903882948363
			-0.07097196654956694
			-0.25873620321216617
			-0.5614693744702384
			-0.8866796031444679
			-0.8004209085343287
			-0.7454914723424415
			0.409808540734882
			-0.5217522783193693
			-0.20426248533124888
			0.2420359694165215
			0.4973929424443387
			-0.9201404041747201
			0.5716758135998377
			-0.8144213277610066
		Gate:
			-0.07442219626396544
			-0.17775426139230568
			-0.634912703028377
			-0.4895540216257402
			-0.6347360580531595
			-0.7156021493677673
			0.492407793310135
			-0.4955429088813976
			0.6076938960062482
			0.6996412320480738
			-0.7836508659664769
			-0.3690133333437295
			-0.0806720205166097
			-0.26543300304481643
			0.8794180402568728
	Neuron:
		Gate:
			0.3561105354740777
			-0.26342599663484095
			-0.9865845809922891
			0.6221761033919443
			0.8536912525736178
			0.09458276286984049
			0.32192061770670155
			-1.1135794253716365
			-0.6356435067448806
			0.7611854528312443
			0.8616238349619088
			0.294634030915388
			-0.3364212257925358
			-0.5757342841717149
			0.7251451974295704
			-0.44254711588348905
			-0.32376507983112734
			0.4004206058360883
		Gate:
			-0.40611653613597687
			0.8450323552078863
			0.8392591134580075
			-0.16129147194465238
			-0.9381957811212829
			0.8993836812747982
			-0.8143799866518728
			-0.7069168586319821
			0.679996187794835
			-0.09343111769263387
			0.3648833773185883
			0.3551115149203167
			0.9046032233676813
			-0.5782661155644986
			-0.44467126729479256
		Gate:
			0.569132789564881
			-0.5532056835516586
			-0.49218613297181313
			-0.5165193431400688
			0.43435712708751506
			-0.6249059700803195
			0.8667694356762161
			-0.9624077217792513
			-0.2848030613127095
			0.6255823284019936
			-0.7788963392395853
			0.914078322112812
			-0.026887782277642325
			0.6080208949587727
			-0.5782107826194711
			0.3585947551653538
			0.7646727942843097
			-0.8586760796266797
		Gate:
			-0.3586085406630629
			-0.19059099417403624
			0.3209930455717769
			-0.3370519007927606
			-0.8203729515878337
			-0.12186522232848447
			0.603481604239364
			0.2555702217994498
			-0.022015454455342632
			-0.8465525315032372
			-0.38146403345645064
			-0.434082708844983
			-0.5267500831767852
			0.4073224660871598
			-0.30715765003168743
		Gate:
			0.6046576186061505
			0.5445284701590716
			0.18202684052486304
			0.5126483137192132
			-0.9969390284579659
			0.6821604918954003
			-0.488244426182866
			0.13358228666921396
			0.9483942001474976
			0.04282778823683671
			0.7208951830197136
			-0.6733858118346686
			0.1505098619089209
			-0.8326767103511608
			0.2956439437163509
			0.07431030336884917
			0.5496804691360553
			0.4484737903486043
		Gate:
			0.3155885054741189
			-0.8543971409196485
			0.18283527166667068
			0.49261013276639637
			0.47395563087386416
			-0.5226595091899804
			0.6256514597534514
			-0.371737889167281
			-0.32795733210571204
			0.3457138351357478
			-0.690807806872713
			0.28453016946510673
			0.7019576195481911
			0.011836583601539288
			-0.5236434138743284
		Gate:
			0.10590711253081037
			-0.40101444025913957
			0.20868489915920918
			-0.014567763985955356
			0.08144941605051928
			0.8473582426438159
			-0.5521502349459169
			0.7511341335181382
			-0.8729819401595196
			0.31342205292019126
			-0.7524967526336732
			-0.22288614768714804
			-0.2693435796315702
			0.541245973065827
			-0.6116616048748439
			-0.8230058938567336
			-1.0044922273061587
			0.03515218228059508
		Gate:
			-0.6722606046024403
			0.5868840731664403
			0.25963311148020835
			0.6693016759590197
			-0.3125942736275263
			-0.8845352621599398
			-0.2826841298513552
			0.41531534406803866
			-0.26422507363196684
			0.5938521711267821
			-0.814627544726118
			0.6173996078024981
			-0.8690186499723228
			-0.8978622540470209
			0.745781676473326
	Neuron:
		Gate:
			-0.1799165141311442
			0.17341115843298827
			0.08473095561975094
			-0.28406537063561355
			-0.8059968222123908
			-0.5309597082876281
			0.20857782897507024
			0.6665104866203666
			0.7748798722136435
			-0.7321694047067504
			-0.9693581622672243
			0.8962025973691461
			-0.4852367019022925
			0.5518628102732424
			-0.10085404531847378
			0.3461974939954414
			-0.8509855334433076
			-0.3024530243172239
		Gate:
			0.13919859534746332
			0.750648614620906
			-0.03790762878001637
			-0.5171409630143173
			-0.500109549108381
			0.39379657072388285
			0.21994984986511187
			1.0304635340214416
			0.21249734458636382
			-0.895506574142948
			0.23227984790634157
			0.15349456410930554
			-0.5484769262508472
			0.042116930681010356
			0.6821861370537632
		Gate:
			-0.2574288121187065
			-0.19090492147053667
			-0.6643372313882023
			-0.4386547373444327
			-0.07967374983699671
			0.545949023569233
			0.5415792698880398
			0.20837476237816777
			-0.47051339977459583
			-0.33020564413095405
			0.7197185056903727
			0.6292121543401301
			0.41351873118681803
			-0.2952668170265635
			0.7609559888312335
			-0.22923452314402495
			0.42149861373144115
			-0.2744725941904881
		Gate:
			0.8588431387495626
			0.6943619831295217
			0.22235092071913987
			-1.0258074132968908
			0.3154310749325723
			-0.2698611529547561
			0.37080793072164775
			-0.8114172812125653
			0.5044970449255688
			0.31538697511930536
			-0.5066629927801055
			0.06124271661195207
			-0.15378075921990292
			-0.9913607451630431
			-0.5148636319479827
		Gate:
			0.01659178193480465
			-0.6603365337091848
			0.6308344720496719
			-0.4904463576082525
			0.984337010610924
			-0.7039540273296466
			-0.11574561265094485
			-0.865799520606402
			0.7440939317333591
			0.7277439714458427
			-0.883734399241539
			-0.7300026698643686
			-0.8787287447806393
			-0.11465380989486117
			-0.8670102350201448
			0.4385441702673524
			-0.48445676405868626
			0.9420836776009753
		Gate:
			0.06791494371461615
			-0.07931361955981837
			0.9604745638229628
			0.4766529737834274
			0.9305404767809489
			-2.041470866641082E-4
			0.7104044595730957
			0.9168387946703228
			0.9489148948916409
			-0.06806911058487516
			0.5337628015195118
			-0.5476869455693
			0.07710006442419307
			0.12918383682677326
			0.8771371783001766
		Gate:
			-0.6547950828823651
			0.6597443791425657
			0.7589281466704814
			-0.7081948039725745
			-0.35177758253320757
			-0.27967220613483423
			0.576644583889035
			0.8015620242871867
			-0.6891946890111712
			-0.8920305574603189
			-0.11848798179564557
			-0.36399224690665904
			0.7421387886962865
			-0.8463498019546005
			0.10936420255722096
			0.20839287732959177
			0.8473690403759808
			0.1644848499478824
		Gate:
			0.1414010227289444
			-0.41155286136116315
			-0.9638722051379953
			-1.084169107894976
			-0.6454272774250873
			-0.7990101010852443
			0.7829261756561181
			-0.19633143104491996
			0.5038981346154919
			0.7564131372960954
			-0.4966951377140687
			-0.8133859357423804
			-0.16827034483317405
			-0.4413115941517261
			-0.7305632867607155
	Neuron:
		Gate:
			-0.7776979009787045
			0.591585607916846
			0.08161475062255324
			-0.16531663472809077
			0.5736960825790183
			-0.4278440489131908
			0.451790232763889
			-0.043686913520845305
			-0.9530803336724822
			0.4667475790076343
			0.3014072149962463
			-0.26299885036198384
			0.2538498387459126
			0.03864864763096203
			0.11641489623279982
			-0.7813031520863112
			-0.6717185326326269
			0.9042057870158794
		Gate:
			-0.7233812765772162
			-0.450021195329156
			0.9984930173617803
			0.3950673421150088
			-0.012784042251936717
			-0.556565540910339
			-0.9162770685909205
			-0.8400949770272983
			-0.29526463402855474
			-0.20242215289234575
			0.4761156505712181
			0.2514724139138576
			0.7499001218176569
			-0.5108901815435793
			-0.5474060991997305
		Gate:
			-0.5624539179929311
			0.27614974765511136
			0.6025706682365132
			0.8172371959487593
			-0.2598260669350192
			0.4693904064743701
			0.7096601687296773
			0.14379927405173604
			-0.5696870504949872
			0.19456452515522327
			0.4425691265996815
			-0.16577907362242972
			0.3483664021197206
			0.34970752063215205
			0.7241263882119364
			0.5994543058862425
			0.6002592311724944
			0.2650412496923761
		Gate:
			0.31486636872790974
			-0.5542924455495725
			0.25191377690741584
			0.7141109015896141
			0.7724259258801327
			0.7890465849751871
			-0.5130599566960687
			-0.342444674412046
			-0.2631617358559219
			0.9858643820277242
			-0.5403274733871681
			0.7487576251323168
			0.8460929544174648
			0.4027657667358626
			0.1048282779282779
		Gate:
			-0.04557660817128564
			-0.3924062927070071
			-0.30940282934436
			0.020574520902732304
			0.5707403105322095
			-0.7378766645492525
			-0.6973808241495849
			-0.9199666855322077
			0.7851843161671875
			-0.3746150124994987
			-0.536389281546968
			-0.9765960776290044
			-1.0448031897399321
			-0.6736704440106378
			-0.4439560566332788
			-0.5454101052576985
			-0.15875867178642178
			0.041408850080167814
		Gate:
			0.36332667878739655
			-0.10315916010316199
			0.94960861948056
			-0.843231312875012
			-0.9115812630547566
			0.607574451646101
			-0.1094083062932412
			0.005802851115836916
			0.05699255055637242
			-0.2534360871571063
			-0.865804434073115
			-0.18646435023656438
			0.5314817376906635
			-0.7788121469331633
			0.6762550094453812
		Gate:
			-0.20373747296982583
			0.25488369960326707
			0.5916113647333832
			0.3613186737485141
			0.6873544446423846
			-0.10044783289026478
			0.39543964707077317
			-0.808034232392014
			-0.834707036662665
			-0.8144131189068682
			-1.0716113800591702
			0.6022386908984947
			0.19789609275864298
			1.0435319089100388
			-0.5949402917502158
			-1.0192824344894988
			0.5669767411847979
			-1.06248665008413
		Gate:
			0.2786936405131666
			0.615491200511515
			-0.1930834326225993
			-0.05473380364333198
			-0.19656604351726628
			0.6143981153745142
			0.4452885997127931
			-0.21666365177240365
			0.7797125737239404
			0.06272397333139867
			0.8549011633725111
			-0.887883990287212
			-0.15959965883682217
			-0.15867807268671075
			-0.4555560421055742
Layer:
	Neuron:
		Gate:
			0.43220746701611745
			-0.7204391607447671
			-0.3461517560315494
			0.8760514441631133
			0.5713949159464075
			0.22959402245610588
			-0.1882059674491129
			0.5196434074661721
			-0.65391880926174
			-0.7656780251798365
			-0.3301020577063194
			1.0963023025059915
			0.8086728708471137
			0.009280733038969924
			0.45378191795140427
		Gate:
			0.5799191043350489
			-0.652465008672344
		Gate:
			-0.6360215966221616
			0.8730096012443227
			0.3113251150508059
			-0.18860593606779316
			0.8822275475698433
			0.8717073715474767
			0.25408862609513916
			0.46789054618389314
			-0.08669741806905279
			0.6964658374118684
			0.6637641228675523
			-0.1454401197503088
			0.4747563970540276
			0.1661701359210505
			-0.21768081180338616
		Gate:
			-0.11477404725219958
			0.8851576721181222
		Gate:
			0.7803854033389369
			-0.9071441726276787
			-0.024345367243266823
			-0.2202577391905959
			-0.3998006434031638
			-0.493299249210644
			-0.6592755821710354
			-0.09417048324427471
			0.39452529716120727
			0.7106827997772822
			0.3158203761415218
			0.7534884679471137
			0.19717801610888352
			0.8131442061451195
			-0.9975325604202532
		Gate:
			-0.758014495894096
			-0.3277485135868077
		Gate:
			-0.11693200870325149
			0.8424293597246292
			-0.06819612629144381
			-0.34949091127083226
			-0.0878813830255069
			-0.7044588913461921
			0.9159214074148083
			-0.8952385484109944
			0.2966747519261322
			0.026694835445857087
			-0.5911275945537898
			-0.7300515784676597
			-0.4437618640051745
			0.27495066542880353
			1.106936490826555
		Gate:
			-0.2339046220440557
			0.4916416841248871
	Neuron:
		Gate:
			0.8879259397852421
			-0.17270309514603527
			0.6060066079642101
			-0.278434154481533
			-0.33213281902502967
			0.11145739113915558
			0.8811939591829346
			0.08863357984978704
			0.5755551593057807
			-0.9520830536209347
			-0.09962986367184909
			0.7850353027999506
			-0.03647852879676619
			0.01212031596599219
			0.6880262705668456
		Gate:
			-0.5013528459699665
			0.9473641051003633
		Gate:
			-0.7426674984623098
			0.15693236602922436
			0.7792818267136429
			0.026916613009171808
			-0.610966578286059
			0.8618191711559827
			-0.40028148678947806
			-0.7502670694384396
			-0.49028197793014533
			-0.685422588197467
			-0.3917300524120563
			0.8928671855136047
			-0.01057182157487245
			0.08676054773784292
			-0.6047184138647471
		Gate:
			-0.7768893177502009
			-0.7382505384566245
		Gate:
			-0.03936384086062912
			0.4804444054159838
			-0.7991929378321555
			-0.8496582568555826
			-0.39862198750907507
			-0.5884417710854952
			0.7892870005546294
			0.5469454595130663
			0.2038889409097654
			0.014951976286465725
			0.035590789644866436
			0.24831773974093246
			-0.28172384016171925
			0.7975532466451594
			-0.5832433776757123
		Gate:
			-0.11818370726577415
			0.812892138214532
		Gate:
			0.1806604044841403
			0.3577842760756056
			-0.9347552175775854
			-0.17848798721932166
			-0.9768015841113086
			-0.8261498583642
			-0.7792296707109135
			0.925293599640982
			0.2105025196620125
			0.5900282008840427
			-0.3241955666896323
			-0.30973933326991004
			0.6176347932386987
			0.8257799326361436
			-0.1705098108743563
		Gate:
			-0.30673315379419286
			-0.32611475427579895
